-0.000
-0.000
-0.000
-0.001
-0.001
-0.003
-0.006
-0.009
-0.015
-0.023
-0.033
-0.047
-0.065
-0.086
-0.113
-0.146
-0.184
-0.230
-0.283
-0.345
-0.416
-0.496
-0.587
-0.689
-0.803
-0.929
-1.068
-1.221
-1.388
-1.570
-1.767
-1.980
-2.209
-2.454
-2.716
-2.995
-3.291
-3.605
-3.936
-4.285
-4.651
-5.034
-5.435
-5.852
-6.287
-6.738
-7.205
-7.688
-8.187
-8.700
-9.227
-9.769
-10.323
-10.890
-11.470
-12.060
-12.661
-13.272
-13.892
-14.521
-15.157
-15.801
-16.451
-17.107
-17.768
-18.433
-19.103
-19.776
-20.451
-21.129
-21.809
-22.490
-23.172
-23.855
-24.539
-25.222
-25.906
-26.590
-27.274
-27.958
-28.642
-29.326
-30.010
-30.694
-31.378
-32.062
-32.746
-33.430
-34.114
-34.798
-35.482
-36.166
-36.850
-37.534
-38.218
-38.902
-39.586
-40.270
-40.953
-41.636
-42.317
-42.998
-43.677
-44.354
-45.028
-45.699
-46.366
-47.030
-47.688
-48.341
-48.988
-49.629
-50.261
-50.886
-51.501
-52.108
-52.703
-53.288
-53.862
-54.423
-54.971
-55.505
-56.026
-56.532
-57.023
-57.498
-57.957
-58.400
-58.826
-59.235
-59.627
-60.002
-60.359
-60.699
-61.022
-61.327
-61.614
-61.885
-62.139
-62.376
-62.597
-62.802
-62.991
-63.166
-63.326
-63.472
-63.604
-63.724
-63.832
-63.929
-64.014
-64.090
-64.156
-64.213
-64.263
-64.305
-64.340
-64.370
-64.394
-64.413
-64.429
-64.441
-64.450
-64.457
-64.462
-64.465
-64.467
-64.468
-64.469
-64.469
-64.469
-64.469
-64.469
-64.469
-64.469
-64.469
-64.468
-64.467
-64.466
-64.463
-64.459
-64.454
-64.446
-64.435
-64.422
-64.404
-64.382
-64.356
-64.323
-64.285
-64.239
-64.186
-64.124
-64.053
-63.973
-63.882
-63.780
-63.666
-63.540
-63.401
-63.248
-63.081
-62.899
-62.702
-62.489
-62.260
-62.015
-61.753
-61.474
-61.177
-60.864
-60.533
-60.184
-59.818
-59.435
-59.034
-58.616
-58.182
-57.731
-57.264
-56.781
-56.282
-55.769
-55.242
-54.700
-54.146
-53.578
-52.999
-52.409
-51.808
-51.197
-50.577
-49.948
-49.312
-48.668
-48.018
-47.362
-46.701
-46.035
-45.366
-44.693
-44.018
-43.340
-42.660
-41.979
-41.297
-40.614
-39.930
-39.247
-38.563
-37.879
-37.195
-36.511
-35.827
-35.143
-34.459
-33.775
-33.091
-32.407
-31.723
-31.039
-30.355
-29.671
-28.987
-28.303
-27.619
-26.935
-26.251
-25.567
-24.883
-24.199
-23.515
-22.831
-22.147
-21.463
-20.779
-20.095
-19.411
-18.727
-18.043
-17.359
-16.675
-15.991
-15.307
-14.623
-13.939
-13.255
-12.571
-11.887
-11.203
-10.519
-9.835
-9.151
-8.467
-7.783
-7.099
-6.415
-5.731
-5.047
-4.363
-3.679
-2.995
-2.311
-1.627
-0.943
-0.259
0.425
1.109
1.793
2.477
3.161
3.845
4.529
5.213
5.897
6.581
7.265
7.949
8.633
9.317
10.001
10.685
11.369
12.053
12.737
13.421
14.105
14.789
15.473
16.157
16.841
17.525
18.209
18.893
19.577
20.261
20.945
21.629
22.313
22.997
23.681
24.365
25.049
25.733
26.417
27.101
27.785
28.469
29.153
29.837
30.521
31.205
31.889
32.573
33.257
33.941
34.625
35.309
35.993
36.677
37.361
38.045
38.729
39.413
40.097
40.781
41.465
42.149
42.833
43.517
44.201
44.885
45.569
46.253
46.937
47.620
48.303
48.985
49.666
50.345
51.022
51.697
52.369
53.037
53.701
54.360
55.014
55.663
56.304
56.938
57.564
58.182
58.790
59.387
59.974
60.550
61.113
61.663
62.201
62.724
63.232
63.726
64.204
64.666
65.112
65.541
65.953
66.349
66.727
67.087
67.430
67.756
68.064
68.355
68.628
68.885
69.125
69.349
69.557
69.749
69.926
70.089
70.237
70.372
70.495
70.605
70.703
70.790
70.868
70.936
70.994
71.045
71.089
71.125
71.156
71.181
71.201
71.217
71.230
71.240
71.247
71.252
71.255
71.258
71.259
71.260
71.260
71.260
71.260
71.260
71.260
71.260
71.260
71.261
71.262
71.264
71.267
71.272
71.279
71.289
71.302
71.319
71.340
71.367
71.399
71.438
71.485
71.539
71.602
71.675
71.757
71.850
71.954
72.070
72.198
72.339
72.492
72.659
72.840
73.034
73.241
73.463
73.698
73.947
74.210
74.486
74.774
75.075
75.388
75.713
76.049
76.395
76.751
77.117
77.491
77.872
78.261
78.657
79.058
79.464
79.874
80.289
80.706
81.126
81.549
81.972
82.397
82.823
83.249
83.676
84.102
84.529
84.956
85.382
85.809
86.235
86.660
87.085
87.508
87.929
88.348
88.765
89.178
89.587
89.991
90.390
90.783
91.169
91.548
91.918
92.280
92.632
92.975
93.306
93.626
93.935
94.231
94.515
94.785
95.042
95.286
95.516
95.732
95.934
96.123
96.298
96.460
96.608
96.744
96.867
96.978
97.078
97.166
97.245
97.313
97.373
97.424
97.468
97.504
97.534
97.559
97.578
97.594
97.605
97.614
97.620
97.624
97.627
97.628
97.629
97.630
97.630
97.630
97.630
97.630
97.630
97.630
97.629
97.628
97.626
97.623
97.619
97.612
97.603
97.591
97.576
97.556
97.531
97.501
97.464
97.421
97.369
97.310
97.242
97.163
97.075
96.975
96.864
96.741
96.605
96.456
96.293
96.116
95.925
95.719
95.498
95.262
95.012
94.746
94.465
94.169
93.859
93.534
93.195
92.842
92.476
92.096
91.704
91.301
90.886
90.460
90.024
89.579
89.126
88.664
88.195
87.719
87.238
86.751
86.260
85.765
85.266
84.765
84.262
83.757
83.250
82.742
82.234
81.726
81.217
80.708
80.199
79.690
79.181
78.673
78.165
77.657
77.151
76.645
76.142
75.641
75.142
74.647
74.156
73.670
73.188
72.713
72.244
71.782
71.328
70.884
70.448
70.022
69.607
69.204
68.812
68.433
68.067
67.714
67.375
67.050
66.740
66.444
66.164
65.898
65.648
65.412
65.192
64.986
64.795
64.618
64.455
64.306
64.170
64.047
63.936
63.837
63.748
63.670
63.602
63.542
63.491
63.448
63.412
63.381
63.357
63.337
63.321
63.309
63.300
63.294
63.289
63.286
63.284
63.283
63.283
63.283
63.283
63.283
63.283
63.283
63.283
63.282
63.281
63.280
63.277
63.273
63.268
63.260
63.249
63.235
63.218
63.196
63.169
63.137
63.098
63.053
62.999
62.938
62.867
62.787
62.696
62.594
62.480
62.354
62.215
62.062
61.895
61.713
61.516
61.303
61.074
60.829
60.567
60.288
59.991
59.678
59.347
58.998
58.632
58.249
57.848
57.430
56.996
56.545
56.078
55.595
55.096
54.583
54.055
53.514
52.959
52.392
51.813
51.223
50.622
50.011
49.391
48.762
48.125
47.482
46.832
46.176
45.515
44.849
44.180
43.507
42.832
42.154
41.474
40.793
40.111
39.428
38.744
38.060
37.376
36.692
36.008
35.324
34.640
33.956
33.272
32.588
31.904
31.220
30.536
29.852
29.168
28.484
27.800
27.116
26.432
25.748
25.064
24.380
23.696
23.012
22.328
21.644
20.960
20.276
19.592
18.908
18.224
17.540
16.856
16.172
15.488
14.804
14.120
13.436
12.752
12.068
11.384
10.700
10.016
9.332
8.648
7.964
7.280
6.596
5.912
5.228
4.544
3.860
3.176
2.492
1.808
1.124
0.440
-0.244
-0.928
-1.612
-2.296
-2.980
-3.664
-4.348
-5.032
-5.716
-6.400
-7.084
-7.768
-8.452
-9.136
-9.820
-10.504
-11.188
-11.872
-12.556
-13.240
-13.924
-14.608
-15.292
-15.976
-16.660
-17.344
-18.028
-18.712
-19.396
-20.080
-20.764
-21.448
-22.132
-22.816
-23.500
-24.184
-24.868
-25.552
-26.236
-26.920
-27.604
-28.288
-28.972
-29.656
-30.340
-31.024
-31.708
-32.392
-33.076
-33.760
-34.444
-35.128
-35.812
-36.496
-37.180
-37.864
-38.548
-39.232
-39.916
-40.600
-41.284
-41.968
-42.652
-43.336
-44.020
-44.704
-45.388
-46.072
-46.756
-47.440
-48.124
-48.808
-49.492
-50.176
-50.860
-51.544
-52.228
-52.912
-53.596
-54.280
-54.964
-55.648
-56.332
-57.016
-57.700
-58.384
-59.068
-59.752
-60.436
-61.120
-61.804
-62.488
-63.172
-63.856
-64.540
-65.223
-65.907
-66.590
-67.272
-67.953
-68.633
-69.310
-69.986
-70.658
-71.328
-71.993
-72.654
-73.310
-73.959
-74.603
-75.239
-75.868
-76.487
-77.098
-77.699
-78.289
-78.867
-79.434
-79.988
-80.529
-81.056
-81.569
-82.067
-82.549
-83.016
-83.466
-83.900
-84.317
-84.717
-85.100
-85.465
-85.813
-86.144
-86.457
-86.752
-87.031
-87.292
-87.537
-87.765
-87.977
-88.174
-88.355
-88.522
-88.674
-88.813
-88.939
-89.052
-89.154
-89.244
-89.324
-89.395
-89.456
-89.509
-89.554
-89.593
-89.625
-89.651
-89.673
-89.690
-89.704
-89.714
-89.722
-89.728
-89.732
-89.734
-89.736
-89.736
-89.737
-89.737
-89.737
-89.737
-89.737
-89.737
-89.737
-89.736
-89.736
-89.734
-89.731
-89.728
-89.722
-89.714
-89.704
-89.690
-89.672
-89.651
-89.624
-89.591
-89.553
-89.507
-89.454
-89.392
-89.321
-89.241
-89.150
-89.048
-88.934
-88.808
-88.669
-88.516
-88.349
-88.167
-87.970
-87.757
-87.528
-87.283
-87.021
-86.742
-86.446
-86.132
-85.801
-85.452
-85.086
-84.703
-84.302
-83.885
-83.450
-82.999
-82.532
-82.049
-81.550
-81.037
-80.510
-79.968
-79.414
-78.847
-78.267
-77.677
-77.076
-76.465
-75.845
-75.216
-74.580
-73.936
-73.286
-72.630
-71.969
-71.304
-70.634
-69.961
-69.286
-68.608
-67.928
-67.247
-66.565
-65.882
-65.198
-64.515
-63.831
-63.147
-62.463
-61.779
-61.095
-60.411
-59.727
-59.043
-58.359
-57.675
-56.991
-56.307
-55.623
-54.939
-54.255
-53.571
-52.887
-52.203
-51.519
-50.835
-50.151
-49.467
-48.783
-48.099
-47.415
-46.731
-46.047
-45.363
-44.679
-43.995
-43.311
-42.627
-41.943
-41.259
-40.575
-39.891
-39.207
-38.523
-37.839
-37.155
-36.471
-35.787
-35.103
-34.419
-33.735
-33.051
-32.367
-31.683
-30.999
-30.315
-29.631
-28.947
-28.263
-27.579
-26.895
-26.211
-25.527
-24.843
-24.159
-23.476
-22.793
-22.112
-21.431
-20.753
-20.076
-19.402
-18.731
-18.064
-17.401
-16.742
-16.090
-15.443
-14.803
-14.171
-13.547
-12.932
-12.326
-11.731
-11.147
-10.574
-10.014
-9.467
-8.933
-8.413
-7.908
-7.418
-6.944
-6.486
-6.044
-5.619
-5.210
-4.819
-4.445
-4.089
-3.750
-3.429
-3.125
-2.838
-2.569
-2.316
-2.080
-1.860
-1.656
-1.467
-1.294
-1.134
-0.989
-0.857
-0.738
-0.631
-0.535
-0.450
-0.375
-0.310
-0.253
-0.204
-0.162
-0.127
-0.098
-0.074
-0.054
-0.039
-0.027
-0.018
-0.012
-0.007
-0.004
-0.002
-0.001
-0.000
-0.000
-0.000
-0.000
0.000
0.000
0.000
0.000
0.000
0.000
0.000
0.000
0.000
0.000
0.000
0.000
0.000
0.000
0.000
0.000
0.000
0.000
0.000
0.000
0.000
0.000
0.000
0.000
0.000
0.000
0.000
0.000
0.000
0.000
0.000
0.000
0.000
0.000
0.000
0.000
0.000
0.000
0.000
0.000
0.000
0.000
0.000
0.000
0.000
0.000
0.000
0.000
0.000
0.000
0.000
0.000
0.000
0.000
0.000
0.000
0.000
0.000
0.000
0.000
0.000
0.000
0.000
0.000
0.000
0.000
0.000
0.000
0.000
0.000
0.000
0.000
0.000
0.000
0.000
0.000
0.000
0.000
0.000
0.000
0.000
0.000
0.000
0.000
0.000
0.000
0.000
0.000
0.000
0.000
0.000
0.000
0.000
0.000
0.000
0.000
0.000
0.000
0.000
0.000
0.000
0.000
0.000
0.000
0.000
0.000
0.000
0.000
0.000
0.000
0.000
0.000
0.000
0.000
0.000
0.000
0.000
0.000
0.000
0.000
0.000
0.000
0.000
0.000
0.000
0.000
0.000
0.000
0.000
0.000
0.000
0.000
0.000
0.000
0.000
0.000
0.000
0.000
0.000
0.000
0.000
0.000
0.000
0.000
0.000
0.000
0.000
0.000
0.000
0.000
0.000
0.000
0.000
0.000
0.000
0.000
0.000
0.000
0.000
0.000
0.000
0.000
0.000
0.000
0.000
0.000
0.000
0.000
0.000
0.000
0.000
0.000
0.000
0.000
0.000
0.000
0.000
0.000
0.000
0.000
0.000
0.000
0.000
0.000
0.000
0.000
0.000
0.000
0.000
0.000
0.000
0.000
0.000
0.000
0.000
0.000
0.000
0.000
0.000
0.000
0.000
0.000
0.000
0.000
0.000
0.000
0.000
0.000
0.000
0.000
0.000
0.000
0.000
0.000
0.000
0.000
0.000
0.000
0.000
0.000
0.000
0.000
0.000
0.000
0.000
0.000
0.000
0.000
0.000
0.000
0.000
0.000
0.000
0.000
0.000
0.000
0.000
0.000
0.000
0.000
0.000
0.000
0.000
0.000
0.000
0.000
0.000
0.000
0.000
0.000
0.000
0.000
0.000
0.000
0.000
0.000
0.000
0.000
0.000
0.000
0.000
0.000
0.000
0.000
0.000
0.000
0.000
0.000
0.000
0.000
0.000
0.000
0.000
0.000
0.000
0.000
0.000
0.000
0.000
0.000
0.000
0.000
0.000
0.000
0.000
0.000
0.000
0.000
0.000
0.000
0.000
0.000
0.000
0.000
0.000
0.000
0.000
0.000
0.000
0.000
0.000
0.000
0.000
0.000
0.000
0.000
0.000
0.000
0.000
0.000
0.000
0.000
0.000
0.000
0.000
0.000
0.000
0.000
0.000
0.000
0.000
0.000
0.000
0.000
0.000
0.000
0.000
0.000
0.000
0.000
0.000
0.000
0.000
0.000
0.000
0.000
0.000
0.000
0.000
0.000
0.000
0.000
0.000
0.000
0.000
0.000
0.000
0.000
0.000
0.000
0.000
0.000
0.000
0.000
0.000
0.000
0.000
0.000
0.000
0.000
0.000
0.000
0.000
0.000
0.000
0.000
0.000
0.000
0.000
0.000
0.000
0.000
0.000
0.000
0.000
0.000
0.000
0.000
0.000
0.000
0.000
0.000
0.000
0.000
0.000
0.000
0.000
0.000
0.000
0.000
0.000
0.000
0.000
0.000
0.000
0.000
0.000
0.000
0.000
0.000
0.000
0.000
0.000
0.000
0.000
0.000
0.000
0.000
0.000
0.000
0.000
0.000
0.000
0.000
0.000
0.000
0.000
0.000
0.000
0.000
0.000
0.000
0.000
0.000
0.000
0.000
0.000
0.000
0.000
0.000
0.000
0.000
0.000
0.000
0.000
0.000
0.000
0.000
0.000
0.000
0.000
0.000
0.000
0.000
0.000
0.000
0.000
0.000
0.000
0.000
0.000
0.000
0.000
0.000
0.000
0.000
0.000
0.000
0.000
0.000
0.000
0.000
0.000
0.000
0.000
0.000
0.000
0.000
0.000
0.000
0.000
0.000
0.000
0.000
0.000
0.000
0.000
0.000
0.000
0.000
0.000
0.000
0.000
0.000
0.000
0.000
0.000
0.000
0.000
0.000
0.000
0.000
0.000
0.000
0.000
0.000
0.000
0.000
0.000
0.000
0.000
0.000
0.000
0.000
0.000
0.000
0.000
0.000
0.000
0.000
0.000
0.000
0.000
0.000
0.000
0.000
0.000
0.000
0.000
0.000
0.000
0.000
0.000
0.000
0.000
0.000
0.000
0.000
0.000
0.000
0.000
0.000
0.000
0.000
0.000
0.000
0.000
0.000
0.000
0.000
0.000
0.000
0.000
0.000
0.000
0.000
0.000
0.000
0.000
0.000
0.000
0.000
0.000
0.000
0.000
0.000
0.000
0.000
0.000
0.000
0.000
0.000
0.000
0.000
0.000
0.000
0.000
0.000
0.000
0.000
0.000
0.000
0.000
0.000
0.000
0.000
0.000
0.000
0.000
0.000
0.000
0.000
0.000
0.000
0.000
0.000
0.000
0.000
0.000
0.000
0.000
0.000
0.000
0.000
0.000
0.000
0.000
0.000
0.000
0.000
0.000
0.000
0.000
0.000
0.000
0.000
0.000
0.000
0.000
0.000
0.000
0.000
0.000
0.000
0.000
0.000
0.000
0.000
0.000
0.000
0.000
0.000
0.000
0.000
0.000
0.000
0.000
0.000
0.000
0.000
0.000
0.000
0.000
0.000
0.000
0.000
0.000
0.000
0.000
0.000
0.000
0.000
0.000
0.000
0.000
0.000
0.000
0.000
0.000
0.000
0.000
0.000
0.000
0.000
0.000
0.000
0.000
0.000
0.000
0.000
0.000
0.000
0.000
0.000
0.000
0.000
0.000
0.000
0.000
0.000
0.000
0.000
0.000
0.000
0.000
0.000
0.000
0.000
0.000
0.000
0.000
0.000
0.000
0.000
0.000
0.000
0.000
0.000
0.000
0.000
0.000
0.000
0.000
0.000
0.000
0.000
0.000
0.000
0.000
0.000
0.000
0.000
0.000
0.000
0.000
0.000
0.000
0.000
0.000
0.000
0.000
0.000
0.000
0.000
0.000
0.000
0.000
0.000
0.000
0.000
0.000
0.000
0.000
0.000
0.000
0.000
0.000
0.000
0.000
0.000
0.000
0.000
0.000
0.000
0.000
0.000
0.000
0.000
0.000
0.000
0.000
0.000
0.000
0.000
0.000
0.000
0.000
0.000
0.000
0.000
0.000
0.000
0.000
0.000
0.000
0.000
0.000
0.000
0.000
0.000
0.000
0.000
0.000
0.000
0.000
0.000
0.000
0.000
0.000
0.000
0.000
0.000
0.000
0.000
0.000
0.000
0.000
0.000
0.000
0.000
0.000
0.000
0.000
0.000
0.000
0.000
0.000
0.000
0.000
0.000
0.000
0.000
0.000
0.000
0.000
0.000
0.000
0.000
0.000
0.000
0.000
0.000
0.000
0.000
0.000
0.000
0.000
0.000
0.000
0.000
0.000
0.000
0.000
0.000
0.000
0.000
0.000
0.000
0.000
0.000
0.000
0.000
0.000
0.000
0.000
0.000
0.000
0.000
0.000
0.000
0.000
0.000
0.000
0.000
0.000
0.000
0.000
0.000
0.000
0.000
0.000
0.000
0.000
0.000
0.000
0.000
0.000
0.000
0.000
0.000
0.000
0.000
0.000
0.000
0.000
0.000
0.000
0.000
0.000
0.000
0.000
0.000
0.000
0.000
0.000
0.000
0.000
0.000
0.000
0.000
0.000
0.000
0.000
0.000
0.000
0.000
0.000
0.000
0.000
0.000
0.000
0.000
0.000
0.000
0.000
0.000
0.000
0.000
0.000
0.000
0.000
0.000
0.000
0.000
0.000
0.000
0.000
0.000
0.000
0.000
0.000
0.000
0.000
0.000
0.000
0.000
0.000
0.000
0.000
0.000
0.000
0.000
0.000
0.000
0.000
0.000
0.000
0.000
0.000
0.000
0.000
0.000
0.000
0.000
0.000
0.000
0.000
0.000
0.000
0.000
0.000
0.000
0.000
0.000
0.000
0.000
0.000
0.000
0.000
0.000
0.000
0.000
0.000
0.000
0.000
0.000
0.000
0.000
0.000
0.000
0.000
0.000
0.000
0.000
0.000
0.000
0.000
0.000
0.000
0.000
0.000
0.000
0.000
0.000
0.000
0.000
0.000
0.000
0.000
0.000
0.000
0.000
0.000
0.000
0.000
0.000
0.000
0.000
0.000
0.000
0.000
0.000
0.000
0.000
0.000
0.000
0.000
0.000
0.000
0.000
0.000
0.000
0.000
0.000
0.000
0.000
0.000
0.000
0.000
0.000
0.000
0.000
0.000
0.000
0.000
0.000
0.000
0.000
0.000
0.000
0.000
0.000
0.000
0.000
0.000
0.000
0.000
0.000
0.000
0.000
0.000
0.000
0.000
0.000
0.000
0.000
0.000
0.000
0.000
0.000
0.000
0.000
0.000
0.000
0.000
0.000
0.000
0.000
0.000
0.000
0.000
0.000
0.000
0.000
0.000
0.000
0.000
0.000
0.000
0.000
0.000
0.000
0.000
0.000
0.000
0.000
0.000
0.000
0.000
0.000
0.000
0.000
0.000
0.000
0.000
0.000
0.000
0.000
0.000
0.000
0.000
0.000
0.000
0.000
0.000
0.000
0.000
0.000
0.000
0.000
0.000
0.000
0.000
0.000
0.000
0.000
0.000
0.000
0.000
0.000
0.000
0.000
0.000
0.000
0.000
0.000
0.000
0.000
0.000
0.000
0.000
0.000
0.000
0.000
0.000
0.000
0.000
0.000
0.000
0.000
0.000
0.000
0.000
0.000
0.000
0.000
0.000
0.000
0.000
0.000
0.000
0.000
0.000
0.000
0.000
0.000
0.000
0.000
0.000
0.000
0.000
0.000
0.000
0.000
0.000
0.000
0.000
0.000
0.000
0.000
0.000
0.000
0.000
0.000
0.000
0.000
0.000
0.000
0.000
0.000
0.000
0.000
0.000
0.000
0.000
0.000
0.000
0.000
0.000
0.000
0.000
0.000
0.000
0.000
0.000
0.000
0.000
0.000
0.000
0.000
0.000
0.000
0.000
0.000
0.000
0.000
0.000
0.000
0.000
0.000
0.000
0.000
0.000
0.000
0.000
0.000
0.000
0.000
0.000
0.000
0.000
0.000
0.000
0.000
0.000
0.000
0.000
0.000
0.000
0.000
0.000
0.000
0.000
0.000
0.000
0.000
0.000
0.000
0.000
0.000
0.000
0.000
0.000
0.000
0.000
0.000
0.000
0.000
0.000
0.000
0.000
0.000
0.000
0.000
0.000
0.000
0.000
0.000
0.000
0.000
0.000
0.000
0.000
0.000
0.000
0.000
0.000
0.000
0.000
0.000
0.000
0.000
0.000
0.000
0.000
0.000
0.000
0.000
0.000
0.000
0.000
0.000
0.000
0.000
0.000
0.000
0.000
0.000
0.000
0.000
0.000
0.000
0.000
0.000
0.000
0.000
0.000
0.000
0.000
0.000
0.000
0.000
0.000
0.000
0.000
0.000
0.000
0.000
0.000
0.000
0.000
0.000
0.000
0.000
0.000
0.000
0.000
0.000
0.000
0.000
0.000
0.000
0.000
0.000
0.000
0.000
0.000
0.000
0.000
0.000
0.000
0.000
0.000
0.000
0.000
0.000
0.000
0.000
0.000
0.000
0.000
0.000
0.000
0.000
0.000
0.000
0.000
0.000
0.000
0.000
0.000
0.000
0.000
0.000
0.000
0.000
0.000
0.000
0.000
0.000
0.000
0.000
0.000
0.000
0.000
0.000
0.000
0.000
0.000
0.000
0.000
0.000
0.000
0.000
0.000
0.000
0.000
0.000
0.000
0.000
0.000
0.000
0.000
0.000
0.000
0.000
0.000
0.000
0.000
0.000
0.000
0.000
0.000
0.000
0.000
0.000
0.000
0.000
0.000
0.000
0.000
0.000
0.000
0.000
0.000
0.000
0.000
0.000
0.000
0.000
0.000
0.000
0.000
0.000
0.000
0.000
0.000
0.000
0.000
0.000
0.000
0.000
0.000
0.000
0.000
0.000
0.000
0.000
0.000
0.000
0.000
0.000
0.000
0.000
0.000
0.000
0.000
0.000
0.000
0.000
0.000
0.000
0.000
0.000
0.000
0.000
0.000
0.000
0.000
0.000
0.000
0.000
0.000
0.000
0.000
0.000
0.000
0.000
0.000
0.000
0.000
0.000
0.000
0.000
0.000
0.000
0.000
0.000
0.000
0.000
0.000
0.000
0.000
0.000
0.000
0.000
0.000
0.000
0.000
0.000
0.000
0.000
0.000
0.000
0.000
0.000
0.000
0.000
0.000
0.000
0.000
0.000
0.000
0.000
0.000
0.000
0.000
0.000
0.000
0.000
0.000
0.000
0.000
0.000
0.000
0.000
0.000
0.000
0.000
0.000
0.000
0.000
0.000
0.000
0.000
0.000
0.000
0.000
0.000
0.000
0.000
0.000
0.000
0.000
0.000
0.000
0.000
0.000
0.000
0.000
0.000
0.000
0.000
0.000
0.000
0.000
0.000
0.000
0.000
0.000
0.000
0.000
0.000
0.000
0.000
0.000
0.000
0.000
0.000
0.000
0.000
0.000
0.000
0.000
0.000
0.000
0.000
0.000
0.000
0.000
0.000
0.000
0.000
0.000
0.000
0.000
0.000
0.000
0.000
0.000
0.000
0.000
0.000
0.000
0.000
0.000
0.000
0.000
0.000
0.000
0.000
0.000
0.000
0.000
0.000
0.000
0.000
0.000
0.000
0.000
0.000
0.000
0.000
0.000
0.000
0.000
0.000
0.000
0.000
0.000
0.000
0.000
0.000
0.000
0.000
0.000
0.000
0.000
0.000
0.000
0.000
0.000
0.000
0.000
0.000
0.000
0.000
0.000
0.000
0.000
0.000
0.000
0.000
0.000
0.000
0.000
0.000
0.000
0.000
0.000
0.000
0.000
0.000
0.000
0.000
0.000
0.000
0.000
0.000
0.000
0.000
0.000
0.000
0.000
0.000
0.000
0.000
0.000
0.000
0.000
0.000
0.000
0.000
0.000
0.000
0.000
0.000
0.000
0.000
0.000
0.000
0.000
0.000
0.000
0.000
0.000
0.000
0.000
0.000
0.000
0.000
0.000
0.000
0.000
0.000
0.000
0.000
0.000
0.000
0.000
0.000
0.000
0.000
0.000
0.000
0.000
0.000
0.000
0.000
0.000
0.000
0.000
0.000
0.000
0.000
0.000
0.000
0.000
0.000
0.000
0.000
0.000
0.000
0.000
0.000
0.000
0.000
0.000
0.000
0.000
0.000
0.000
0.000
0.000
0.000
0.000
0.000
0.000
0.000
0.000
0.000
0.000
0.000
0.000
0.000
0.000
0.000
0.000
0.000
0.000
0.000
0.000
0.000
0.000
0.000
0.000
0.000
0.000
0.000
0.000
0.000
0.000
0.000
0.000
0.000
0.000
0.000
0.000
0.000
0.000
0.000
0.000
0.000
0.000
0.000
0.000
0.000
0.000
0.000
0.000
0.000
0.000
0.000
0.000
0.000
0.000
0.000
0.000
0.000
0.000
0.000
0.000
0.000
0.000
0.000
0.000
0.000
0.000
0.000
0.000
0.000
0.000
0.000
0.000
0.000
0.000
0.000
0.000
0.000
0.000
0.000
0.000
0.000
0.000
0.000
0.000
0.000
0.000
0.000
0.000
0.000
0.000
0.000
0.000
0.000
0.000
0.000
0.000
0.000
0.000
0.000
0.000
0.000
0.000
0.000
0.000
0.000
0.000
0.000
0.000
0.000
0.000
0.000
0.000
0.000
0.000
0.000
0.000
0.000
0.000
0.000
0.000
0.000
0.000
0.000
0.000
0.000
0.000
0.000
0.000
0.000
0.000
0.000
0.000
0.000
0.000
0.000
0.000
0.000
0.000
0.000
0.000
0.000
0.000
0.000
0.000
0.000
0.000
0.000
0.000
0.000
0.000
0.000
0.000
0.000
0.000
0.000
0.000
0.000
0.000
0.000
0.000
0.000
0.000
0.000
0.000
0.000
0.000
0.000
0.000
0.000
0.000
0.000
0.000
0.000
0.000
0.000
0.000
0.000
0.000
0.000
0.000
0.000
0.000
0.000
0.000
0.000
0.000
0.000
0.000
0.000
0.000
0.000
0.000
0.000
0.000
0.000
0.000
0.000
0.000
0.000
0.000
0.000
0.000
0.000
0.000
0.000
0.000
0.000
0.000
0.000
0.000
0.000
0.000
0.000
0.000
0.000
0.000
0.000
0.000
0.000
0.000
0.000
0.000
0.000
0.000
0.000
0.000
0.000
0.000
0.000
0.000
0.000
0.000
0.000
0.000
0.000
0.000
0.000
0.000
0.000
0.000
0.000
0.000
0.000
0.000
0.000
0.000
0.000
0.000
0.000
0.000
0.000
0.000
0.000
0.000
0.000
0.000
0.000
0.000
0.000
0.000
0.000
0.000
0.000
0.000
0.000
0.000
0.000
0.000
0.000
0.000
0.000
0.000
0.000
0.000
0.000
0.000
0.000
0.000
0.000
0.000
0.000
0.000
0.000
0.000
0.000
0.000
0.000
0.000
0.000
0.000
0.000
0.000
0.000
0.000
0.000
0.000
0.000
0.000
0.000
0.000
0.000
0.000
0.000
0.000
0.000
0.000
0.000
0.000
0.000
0.000
0.000
0.000
0.000
0.000
0.000
0.000
0.000
0.000
0.000
0.000
0.000
0.000
0.000
0.000
0.000
0.000
0.000
0.000
0.000
0.000
0.000
0.000
0.000
0.000
0.000
0.000
0.000
0.000
0.000
0.000
0.000
0.000
0.000
0.000
0.000
0.000
0.000
0.000
0.000
0.000
0.000
0.000
0.000
0.000
0.000
0.000
0.000
0.000
0.000
0.000
0.000
0.000
0.000
0.000
0.000
0.000
0.000
0.000
0.000
0.000
0.000
0.000
0.000
0.000
0.000
0.000
0.000
0.000
0.000
0.000
0.000
0.000
0.000
0.000
0.000
0.000
0.000
0.000
0.000
0.000
0.000
0.000
0.000
0.000
0.000
0.000
0.000
0.000
0.000
0.000
0.000
0.000
0.000
0.000
0.000
0.000
0.000
0.000
0.000
0.000
0.000
0.000
0.000
0.000
0.000
0.000
0.000
0.000
0.000
0.000
0.000
0.000
0.000
0.000
0.000
0.000
0.000
0.000
0.000
0.000
0.000
0.000
0.000
0.000
0.000
0.000
0.000
0.000
0.000
0.000
0.000
0.000
0.000
0.000
0.000
0.000
0.000
0.000
0.000
0.000
0.000
0.000
0.000
0.000
0.000
0.000
0.000
0.000
0.000
0.000
0.000
0.000
0.000
0.000
0.000
0.000
0.000
0.000
0.000
0.000
0.000
0.000
0.000
0.000
0.000
0.000
0.000
0.000
0.000
0.000
0.000
0.000
0.000
0.000
0.000
0.000
0.000
0.000
0.000
0.000
0.000
0.000
0.000
0.000
0.000
0.000
0.000
0.000
0.000
0.000
0.000
0.000
0.000
0.000
0.000
0.000
0.000
0.000
0.000
0.000
0.000
0.000
0.000
0.000
0.000
0.000
0.000
0.000
0.000
0.000
0.000
0.000
0.000
0.000
0.000
0.000
0.000
0.000
0.000
0.000
0.000
0.000
0.000
0.000
0.000
0.000
0.000
0.000
0.000
0.000
0.000
0.000
0.000
0.000
0.000
0.000
0.000
0.000
0.000
0.000
0.000
0.000
0.000
0.000
0.000
0.000
0.000
0.000
0.000
0.000
0.000
0.000
0.000
0.000
0.000
0.000
0.000
0.000
0.000
0.000
0.000
0.000
0.000
0.000
0.000
0.000
0.000
0.000
0.000
0.000
0.000
0.000
0.000
0.000
0.000
0.000
0.000
0.000
0.000
0.000
0.000
0.000
0.000
0.000
0.000
0.000
0.000
0.000
0.000
0.000
0.000
0.000
0.000
0.000
0.000
0.000
0.000
0.000
0.000
0.000
0.000
0.000
0.000
0.000
0.000
0.000
0.000
0.000
0.000
0.000
0.000
0.000
0.000
0.000
0.000
0.000
0.000
0.000
0.000
0.000
0.000
0.000
0.000
0.000
0.000
0.000
0.000
0.000
0.000
0.000
0.000
0.000
0.000
0.000
0.000
0.000
0.000
0.000
0.000
0.000
0.000
0.000
0.000
0.000
0.000
0.000
0.000
0.000
0.000
0.000
0.000
0.000
0.000
0.000
0.000
0.000
0.000
0.000
0.000
0.000
0.000
0.000
0.000
0.000
0.000
0.000
0.000
0.000
0.000
0.000
0.000
0.000
0.000
0.000
0.000
0.000
0.000
0.000
0.000
0.000
0.000
0.000
0.000
0.000
0.000
0.000
0.000
0.000
0.000
0.000
0.000
0.000
0.000
0.000
0.000
0.000
0.000
0.000
0.000
0.000
0.000
0.000
0.000
0.000
0.000
0.000
0.000
0.000
0.000
0.000
0.000
0.000
0.000
0.000
0.000
0.000
0.000
0.000
0.000
0.000
0.000
0.000
0.000
0.000
0.000
0.000
0.000
0.000
0.000
0.000
0.000
0.000
0.000
0.000
0.000
0.000
0.000
0.000
0.000
0.000
0.000
0.000
0.000
0.000
0.000
0.000
0.000
0.000
0.000
0.000
0.000
0.000
0.000
0.000
0.000
0.000
0.000
0.000
0.000
0.000
0.000
0.000
0.000
0.000
0.000
0.000
0.000
0.000
0.000
0.000
0.000
0.000
0.000
0.000
0.000
0.000
0.000
0.000
0.000
0.000
0.000
0.000
0.000
0.000
0.000
0.000
0.000
0.000
0.000
0.000
0.000
0.000
0.000
0.000
0.000
0.000
0.000
0.000
0.000
0.000
0.000
0.000
0.000
0.000
0.000
0.000
0.000
0.000
0.000
0.000
0.000
0.000
0.000
0.000
0.000
0.000
0.000
0.000
0.000
0.000
0.000
0.000
0.000
0.000
0.000
0.000
0.000
0.000
0.000
0.000
0.000
0.000
0.000
0.000
0.000
0.000
0.000
0.000
0.000
0.000
0.000
0.000
0.000
0.000
0.000
0.000
0.000
0.000
0.000
0.000
0.000
0.000
0.000
0.000
0.000
0.000
0.000
0.000
0.000
0.000
0.000
0.000
0.000
0.000
0.000
0.000
0.000
0.000
0.000
0.000
0.000
0.000
0.000
0.000
0.000
0.000
0.000
0.000
0.000
0.000
0.000
0.000
0.000
0.000
0.000
0.000
0.000
0.000
0.000
0.000
0.000
0.000
0.000
0.000
0.000
0.000
0.000
0.000
0.000
0.000
0.000
0.000
0.000
0.000
0.000
0.000
0.000
0.000
0.000
0.000
0.000
0.000
0.000
0.000
0.000
0.000
0.000
0.000
0.000
0.000
0.000
0.000
0.000
0.000
0.000
0.000
0.000
0.000
0.000
0.000
0.000
0.000
0.000
0.000
0.000
0.000
0.000
0.000
0.000
0.000
0.000
0.000
0.000
0.000
0.000
0.000
0.000
0.000
0.000
0.000
0.000
0.000
0.000
0.000
0.000
0.000
0.000
0.000
0.000
0.000
0.000
0.000
0.000
0.000
0.000
0.000
0.000
0.000
0.000
0.000
0.000
0.000
0.000
0.000
0.000
0.000
0.000
0.000
0.000
0.000
0.000
0.000
0.000
0.000
0.000
0.000
0.000
0.000
0.000
0.000
0.000
0.000
0.000
0.000
0.000
0.000
0.000
0.000
0.000
0.000
0.000
0.000
0.000
0.000
0.000
0.000
0.000
0.000
0.000
0.000
0.000
0.000
0.000
0.000
0.000
0.000
0.000
0.000
0.000
0.000
0.000
0.000
0.000
0.000
0.000
0.000
0.000
0.000
0.000
0.000
0.000
0.000
0.000
0.000
0.000
0.000
0.000
0.000
0.000
0.000
0.000
0.000
0.000
0.000
0.000
0.000
0.000
0.000
0.000
0.000
0.000
0.000
0.000
0.000
0.000
0.000
0.000
0.000
0.000
0.000
0.000
0.000
0.000
0.000
0.000
0.000
0.000
0.000
0.000
0.000
0.000
0.000
0.000
0.000
0.000
0.000
0.000
0.000
0.000
0.000
0.000
0.000
0.000
0.000
0.000
0.000
0.000
0.000
