-0.000
-0.000
-0.001
-0.004
-0.010
-0.020
-0.037
-0.063
-0.100
-0.152
-0.221
-0.310
-0.423
-0.564
-0.735
-0.942
-1.186
-1.472
-1.804
-2.185
-2.617
-3.105
-3.651
-4.258
-4.928
-5.663
-6.465
-7.335
-8.275
-9.284
-10.364
-11.515
-12.735
-14.025
-15.382
-16.806
-18.295
-19.845
-21.456
-23.124
-24.846
-26.619
-28.440
-30.305
-32.211
-34.154
-36.130
-38.136
-40.169
-42.224
-44.299
-46.390
-48.494
-50.608
-52.731
-54.860
-56.993
-59.129
-61.265
-63.403
-65.540
-67.678
-69.815
-71.953
-74.090
-76.228
-78.365
-80.503
-82.640
-84.778
-86.915
-89.053
-91.190
-93.328
-95.465
-97.603
-99.740
-101.878
-104.015
-106.153
-108.290
-110.428
-112.565
-114.703
-116.840
-118.978
-121.115
-123.253
-125.390
-127.528
-129.665
-131.803
-133.940
-136.078
-138.215
-140.353
-142.490
-144.628
-146.765
-148.903
-151.040
-153.178
-155.315
-157.453
-159.590
-161.728
-163.865
-166.003
-168.140
-170.278
-172.415
-174.553
-176.690
-178.828
-180.965
-183.103
-185.240
-187.378
-189.515
-191.653
-193.790
-195.928
-198.065
-200.203
-202.340
-204.478
-206.615
-208.753
-210.890
-213.028
-215.165
-217.303
-219.440
-221.578
-223.715
-225.853
-227.990
-230.128
-232.265
-234.403
-236.540
-238.678
-240.815
-242.953
-245.090
-247.228
-249.365
-251.503
-253.640
-255.778
-257.915
-260.053
-262.190
-264.328
-266.465
-268.603
-270.740
-272.878
-275.015
-277.151
-279.286
-281.418
-283.544
-285.665
-287.776
-289.875
-291.960
-294.028
-296.075
-298.098
-300.094
-302.058
-303.988
-305.879
-307.728
-309.532
-311.286
-312.988
-314.635
-316.224
-317.752
-319.216
-320.616
-321.948
-323.212
-324.406
-325.531
-326.585
-327.568
-328.482
-329.327
-330.104
-330.814
-331.460
-332.044
-332.568
-333.035
-333.448
-333.810
-334.124
-334.395
-334.624
-334.817
-334.977
-335.107
-335.211
-335.292
-335.354
-335.400
-335.433
-335.455
-335.469
-335.478
-335.482
-335.484
-335.485
-335.485
-335.485
-335.485
-335.485
-335.484
-335.481
-335.475
-335.465
-335.448
-335.422
-335.385
-335.333
-335.264
-335.175
-335.062
-334.921
-334.750
-334.543
-334.299
-334.013
-333.681
-333.300
-332.868
-332.380
-331.834
-331.227
-330.557
-329.822
-329.020
-328.150
-327.210
-326.201
-325.121
-323.970
-322.750
-321.460
-320.103
-318.679
-317.190
-315.640
-314.029
-312.361
-310.639
-308.866
-307.045
-305.180
-303.274
-301.331
-299.355
-297.349
-295.316
-293.261
-291.186
-289.095
-286.991
-284.877
-282.754
-280.625
-278.492
-276.356
-274.220
-272.082
-269.945
-267.807
-265.670
-263.532
-261.395
-259.257
-257.120
-254.982
-252.845
-250.707
-248.570
-246.432
-244.295
-242.157
-240.020
-237.882
-235.745
-233.607
-231.470
-229.332
-227.195
-225.057
-222.920
-220.782
-218.645
-216.507
-214.370
-212.232
-210.095
-207.957
-205.820
-203.682
-201.545
-199.407
-197.270
-195.132
-192.995
-190.857
-188.720
-186.582
-184.445
-182.307
-180.170
-178.032
-175.895
-173.757
-171.620
-169.482
-167.345
-165.207
-163.070
-160.932
-158.795
-156.657
-154.520
-152.382
-150.245
-148.107
-145.970
-143.832
-141.695
-139.557
-137.420
-135.282
-133.145
-131.007
-128.870
-126.732
-124.595
-122.457
-120.320
-118.182
-116.045
-113.907
-111.770
-109.632
-107.495
-105.357
-103.220
-101.082
-98.945
-96.807
-94.670
-92.532
-90.395
-88.257
-86.120
-83.982
-81.845
-79.707
-77.570
-75.432
-73.295
-71.157
-69.020
-66.882
-64.745
-62.607
-60.470
-58.332
-56.195
-54.057
-51.920
-49.782
-47.645
-45.507
-43.370
-41.232
-39.095
-36.957
-34.820
-32.682
-30.545
-28.407
-26.270
-24.132
-21.995
-19.857
-17.720
-15.582
-13.445
-11.307
-9.170
-7.032
-4.895
-2.757
-0.620
1.518
3.655
5.793
7.930
10.068
12.205
14.343
16.480
18.618
20.755
22.893
25.030
27.168
29.305
31.443
33.580
35.718
37.855
39.993
42.130
44.268
46.405
48.543
50.680
52.818
54.955
57.093
59.230
61.368
63.505
65.643
67.780
69.918
72.055
74.193
76.330
78.468
80.605
82.743
84.880
87.018
89.155
91.293
93.430
95.568
97.705
99.842
101.977
104.110
106.239
108.362
110.476
112.580
114.671
116.745
118.800
120.832
122.837
124.813
126.756
128.661
130.525
132.345
134.117
135.838
137.505
139.115
140.664
142.152
143.574
144.931
146.219
147.438
148.587
149.666
150.674
151.613
152.482
153.283
154.016
154.685
155.290
155.835
156.322
156.754
157.133
157.464
157.750
157.994
158.199
158.370
158.510
158.623
158.712
158.780
158.831
158.869
158.894
158.911
158.921
158.927
158.930
158.931
158.931
158.931
158.931
158.931
158.930
158.927
158.921
158.911
158.894
158.868
158.831
158.779
158.710
158.621
158.508
158.367
158.196
157.989
157.745
157.459
157.127
156.746
156.314
155.826
155.280
154.673
154.003
153.268
152.466
151.596
150.656
149.647
148.567
147.416
146.196
144.906
143.549
142.125
140.636
139.086
137.475
135.807
134.085
132.312
130.491
128.626
126.720
124.777
122.801
120.795
118.762
116.707
114.632
112.541
110.437
108.323
106.200
104.071
101.938
99.802
97.666
95.528
93.391
91.253
89.116
86.978
84.841
82.703
80.566
78.428
76.291
74.153
72.016
69.878
67.741
65.603
63.466
61.328
59.191
57.053
54.916
52.778
50.641
48.503
46.366
44.228
42.091
39.953
37.816
35.678
33.541
31.403
29.266
27.128
24.991
22.853
20.716
18.578
16.441
14.303
12.166
10.028
7.891
5.753
3.616
1.478
-0.659
-2.797
-4.934
-7.072
-9.209
-11.347
-13.484
-15.622
-17.759
-19.897
-22.034
-24.172
-26.309
-28.447
-30.584
-32.722
-34.859
-36.997
-39.134
-41.272
-43.409
-45.547
-47.684
-49.822
-51.959
-54.097
-56.234
-58.372
-60.509
-62.647
-64.784
-66.922
-69.059
-71.197
-73.334
-75.472
-77.609
-79.747
-81.884
-84.022
-86.159
-88.297
-90.434
-92.572
-94.709
-96.847
-98.984
-101.122
-103.259
-105.397
-107.534
-109.672
-111.809
-113.947
-116.084
-118.222
-120.359
-122.497
-124.634
-126.772
-128.909
-131.047
-133.184
-135.322
-137.459
-139.597
-141.734
-143.872
-146.009
-148.147
-150.284
-152.422
-154.559
-156.697
-158.834
-160.972
-163.109
-165.247
-167.384
-169.522
-171.659
-173.797
-175.934
-178.071
-180.207
-182.340
-184.470
-186.593
-188.709
-190.815
-192.908
-194.985
-197.043
-199.078
-201.088
-203.068
-205.016
-206.927
-208.797
-210.624
-212.404
-214.133
-215.808
-217.426
-218.985
-220.481
-221.914
-223.280
-224.578
-225.808
-226.968
-228.057
-229.076
-230.025
-230.904
-231.715
-232.458
-233.137
-233.751
-234.305
-234.800
-235.240
-235.627
-235.965
-236.257
-236.507
-236.718
-236.894
-237.038
-237.155
-237.247
-237.318
-237.372
-237.411
-237.438
-237.456
-237.467
-237.473
-237.476
-237.478
-237.478
-237.478
-237.478
-237.478
-237.478
-237.477
-237.474
-237.468
-237.458
-237.441
-237.415
-237.378
-237.326
-237.257
-237.168
-237.055
-236.914
-236.743
-236.536
-236.292
-236.006
-235.674
-235.293
-234.861
-234.373
-233.827
-233.220
-232.550
-231.815
-231.013
-230.143
-229.203
-228.194
-227.114
-225.963
-224.743
-223.453
-222.096
-220.672
-219.183
-217.633
-216.022
-214.354
-212.632
-210.859
-209.038
-207.173
-205.267
-203.324
-201.348
-199.342
-197.309
-195.254
-193.179
-191.088
-188.984
-186.870
-184.747
-182.618
-180.485
-178.349
-176.213
-174.075
-171.938
-169.800
-167.663
-165.525
-163.388
-161.250
-159.113
-156.975
-154.838
-152.700
-150.563
-148.425
-146.288
-144.150
-142.013
-139.875
-137.738
-135.600
-133.463
-131.325
-129.188
-127.050
-124.913
-122.775
-120.638
-118.500
-116.363
-114.225
-112.088
-109.950
-107.813
-105.675
-103.538
-101.400
-99.263
-97.125
-94.988
-92.850
-90.713
-88.575
-86.438
-84.300
-82.163
-80.025
-77.888
-75.750
-73.613
-71.475
-69.338
-67.200
-65.063
-62.925
-60.788
-58.650
-56.513
-54.375
-52.238
-50.100
-47.963
-45.825
-43.688
-41.550
-39.413
-37.275
-35.138
-33.000
-30.863
-28.725
-26.588
-24.450
-22.313
-20.175
-18.038
-15.900
-13.763
-11.625
-9.488
-7.350
-5.213
-3.075
-0.938
1.200
3.337
5.475
7.612
9.750
11.887
14.025
16.162
18.300
20.437
22.575
24.712
26.850
28.987
31.125
33.262
35.400
37.537
39.675
41.812
43.950
46.087
48.225
50.362
52.500
54.637
56.775
58.912
61.050
63.187
65.325
67.462
69.600
71.737
73.875
76.012
78.150
80.287
82.425
84.562
86.700
88.837
90.975
93.112
95.250
97.387
99.525
101.662
103.800
105.937
108.075
110.212
112.350
114.487
116.625
118.762
120.900
123.037
125.175
127.312
129.450
131.587
133.725
135.862
138.000
140.137
142.275
144.412
146.550
148.687
150.825
152.962
155.100
157.237
159.375
161.512
163.650
165.787
167.925
170.062
172.200
174.337
176.475
178.612
180.750
182.887
185.025
187.162
189.300
191.437
193.575
195.712
197.850
199.987
202.125
204.262
206.400
208.537
210.675
212.812
214.950
217.087
219.225
221.362
223.499
225.635
227.768
229.897
232.021
234.136
236.242
238.334
240.410
242.468
244.502
246.511
248.491
250.437
252.347
254.216
256.042
257.820
259.547
261.220
262.837
264.393
265.888
267.318
268.682
269.979
271.206
272.363
273.450
274.467
275.414
276.291
277.099
277.841
278.517
279.130
279.682
280.175
280.613
280.999
281.335
281.626
281.874
282.084
282.259
282.402
282.518
282.609
282.680
282.733
282.772
282.799
282.817
282.827
282.834
282.837
282.838
282.838
282.838
282.838
282.838
282.838
282.837
282.834
282.828
282.818
282.801
282.775
282.738
282.686
282.617
282.528
282.415
282.274
282.103
281.896
281.652
281.366
281.034
280.653
280.221
279.733
279.187
278.580
277.910
277.175
276.373
275.503
274.563
273.554
272.474
271.323
270.103
268.813
267.456
266.032
264.543
262.993
261.382
259.714
257.992
256.219
254.398
252.533
250.627
248.684
246.708
244.702
242.669
240.614
238.539
236.448
234.344
232.230
230.107
227.978
225.845
223.709
221.573
219.435
217.298
215.160
213.023
210.885
208.748
206.610
204.473
202.335
200.198
198.060
195.923
193.785
191.648
189.510
187.373
185.235
183.098
180.960
178.823
176.685
174.548
172.410
170.273
168.135
165.998
163.860
161.723
159.585
157.448
155.310
153.173
151.035
148.898
146.760
144.623
142.485
140.348
138.210
136.073
133.935
131.798
129.660
127.523
125.385
123.248
121.110
118.973
116.835
114.698
112.560
110.423
108.285
106.148
104.010
101.873
99.735
97.598
95.460
93.323
91.185
89.048
86.910
84.773
82.635
80.498
78.360
76.223
74.085
71.948
69.810
67.673
65.535
63.398
61.260
59.123
56.985
54.848
52.711
50.575
48.442
46.312
44.188
42.072
39.966
37.873
35.796
33.738
31.702
29.692
27.711
25.762
23.851
21.980
20.152
18.371
16.642
14.965
13.346
11.786
10.289
8.855
7.488
6.188
4.957
3.796
2.706
1.686
0.736
-0.145
-0.957
-1.702
-2.381
-2.997
-3.552
-4.048
-4.489
-4.877
-5.215
-5.508
-5.759
-5.970
-6.147
-6.292
-6.409
-6.501
-6.573
-6.627
-6.666
-6.694
-6.712
-6.723
-6.729
-6.732
-6.734
-6.734
-6.734
-6.734
-6.734
-6.733
-6.731
-6.724
-6.709
-6.684
-6.645
-6.587
-6.509
-6.407
-6.279
-6.126
-5.946
-5.742
-5.515
-5.268
-5.004
-4.728
-4.441
-4.149
-3.853
-3.556
-3.259
-2.961
-2.665
-2.371
-2.083
-1.804
-1.536
-1.284
-1.051
-0.841
-0.654
-0.494
-0.359
-0.251
-0.166
-0.103
-0.059
-0.030
-0.013
-0.005
-0.001
-0.000
-0.000
0.000
0.000
0.000
0.000
0.000
0.000
0.000
0.000
0.000
0.000
0.000
0.000
0.000
0.000
0.000
0.000
0.000
0.000
0.000
0.000
0.000
0.000
0.000
0.000
0.000
0.000
0.000
0.000
0.000
0.000
0.000
0.000
0.000
0.000
0.000
0.000
0.000
0.000
0.000
0.000
0.000
0.000
0.000
0.000
0.000
0.000
0.000
0.000
0.000
0.000
0.000
0.000
0.000
0.000
0.000
0.000
0.000
0.000
0.000
0.000
0.000
0.000
0.000
0.000
0.000
0.000
0.000
0.000
0.000
0.000
0.000
0.000
0.000
0.000
0.000
0.000
0.000
0.000
0.000
0.000
0.000
0.000
0.000
0.000
0.000
0.000
0.000
0.000
0.000
0.000
0.000
0.000
0.000
0.000
0.000
0.000
0.000
0.000
0.000
0.000
0.000
0.000
0.000
0.000
0.000
0.000
0.000
0.000
0.000
0.000
0.000
0.000
0.000
0.000
0.000
0.000
0.000
0.000
0.000
0.000
0.000
0.000
0.000
0.000
0.000
0.000
0.000
0.000
0.000
0.000
0.000
0.000
0.000
0.000
0.000
0.000
0.000
0.000
0.000
0.000
0.000
0.000
0.000
0.000
0.000
0.000
0.000
0.000
0.000
0.000
0.000
0.000
0.000
0.000
0.000
0.000
0.000
0.000
0.000
0.000
0.000
0.000
0.000
0.000
0.000
0.000
0.000
0.000
0.000
0.000
0.000
0.000
0.000
0.000
0.000
0.000
0.000
0.000
0.000
0.000
0.000
0.000
0.000
0.000
0.000
0.000
0.000
0.000
0.000
0.000
0.000
0.000
0.000
0.000
0.000
0.000
0.000
0.000
0.000
0.000
0.000
0.000
0.000
0.000
0.000
0.000
0.000
0.000
0.000
0.000
0.000
0.000
0.000
0.000
0.000
0.000
0.000
0.000
0.000
0.000
0.000
0.000
0.000
0.000
0.000
0.000
0.000
0.000
0.000
0.000
0.000
0.000
0.000
0.000
0.000
0.000
0.000
0.000
0.000
0.000
0.000
0.000
0.000
0.000
0.000
0.000
0.000
0.000
0.000
0.000
0.000
0.000
0.000
0.000
0.000
0.000
0.000
0.000
0.000
0.000
0.000
0.000
0.000
0.000
0.000
0.000
0.000
0.000
0.000
0.000
0.000
0.000
0.000
0.000
0.000
0.000
0.000
0.000
0.000
0.000
0.000
0.000
0.000
0.000
0.000
0.000
0.000
0.000
0.000
0.000
0.000
0.000
0.000
0.000
0.000
0.000
0.000
0.000
0.000
0.000
0.000
0.000
0.000
0.000
0.000
0.000
0.000
0.000
0.000
0.000
0.000
0.000
0.000
0.000
0.000
0.000
0.000
0.000
0.000
0.000
0.000
0.000
0.000
0.000
0.000
0.000
0.000
0.000
0.000
0.000
0.000
0.000
0.000
0.000
0.000
0.000
0.000
0.000
0.000
0.000
0.000
0.000
0.000
0.000
0.000
0.000
0.000
0.000
0.000
0.000
0.000
0.000
0.000
0.000
0.000
0.000
0.000
0.000
0.000
0.000
0.000
0.000
0.000
0.000
0.000
0.000
0.000
0.000
0.000
0.000
0.000
0.000
0.000
0.000
0.000
0.000
0.000
0.000
0.000
0.000
0.000
0.000
0.000
0.000
0.000
0.000
0.000
0.000
0.000
0.000
0.000
0.000
0.000
0.000
0.000
0.000
0.000
0.000
0.000
0.000
0.000
0.000
0.000
0.000
0.000
0.000
0.000
0.000
0.000
0.000
0.000
0.000
0.000
0.000
0.000
0.000
0.000
0.000
0.000
0.000
0.000
0.000
0.000
0.000
0.000
0.000
0.000
0.000
0.000
0.000
0.000
0.000
0.000
0.000
0.000
0.000
0.000
0.000
0.000
0.000
0.000
0.000
0.000
0.000
0.000
0.000
0.000
0.000
0.000
0.000
0.000
0.000
0.000
0.000
0.000
0.000
0.000
0.000
0.000
0.000
0.000
0.000
0.000
0.000
0.000
0.000
0.000
0.000
0.000
0.000
0.000
0.000
0.000
0.000
0.000
0.000
0.000
0.000
0.000
0.000
0.000
0.000
0.000
0.000
0.000
0.000
0.000
0.000
0.000
0.000
0.000
0.000
0.000
0.000
0.000
0.000
0.000
0.000
0.000
0.000
0.000
0.000
0.000
0.000
0.000
0.000
0.000
0.000
0.000
0.000
0.000
0.000
0.000
0.000
0.000
0.000
0.000
0.000
0.000
0.000
0.000
0.000
0.000
0.000
0.000
0.000
0.000
0.000
0.000
0.000
0.000
0.000
0.000
0.000
0.000
0.000
0.000
0.000
0.000
0.000
0.000
0.000
0.000
0.000
0.000
0.000
0.000
0.000
0.000
0.000
0.000
0.000
0.000
0.000
0.000
0.000
0.000
0.000
0.000
0.000
0.000
0.000
0.000
0.000
0.000
0.000
0.000
0.000
0.000
0.000
0.000
0.000
0.000
0.000
0.000
0.000
0.000
0.000
0.000
0.000
0.000
0.000
0.000
0.000
0.000
0.000
0.000
0.000
0.000
0.000
0.000
0.000
0.000
0.000
0.000
0.000
0.000
0.000
0.000
0.000
0.000
0.000
0.000
0.000
0.000
0.000
0.000
0.000
0.000
0.000
0.000
0.000
0.000
0.000
0.000
0.000
0.000
0.000
0.000
0.000
0.000
0.000
0.000
0.000
0.000
0.000
0.000
0.000
0.000
0.000
0.000
0.000
0.000
0.000
0.000
0.000
0.000
0.000
0.000
0.000
0.000
0.000
0.000
0.000
0.000
0.000
0.000
0.000
0.000
0.000
0.000
0.000
0.000
0.000
0.000
0.000
0.000
0.000
0.000
0.000
0.000
0.000
0.000
0.000
0.000
0.000
0.000
0.000
0.000
0.000
0.000
0.000
0.000
0.000
0.000
0.000
0.000
0.000
0.000
0.000
0.000
0.000
0.000
0.000
0.000
0.000
0.000
0.000
0.000
0.000
0.000
0.000
0.000
0.000
0.000
0.000
0.000
0.000
0.000
0.000
0.000
0.000
0.000
0.000
0.000
0.000
0.000
0.000
0.000
0.000
0.000
0.000
0.000
0.000
0.000
0.000
0.000
0.000
0.000
0.000
0.000
0.000
0.000
0.000
0.000
0.000
0.000
0.000
0.000
0.000
0.000
0.000
0.000
0.000
0.000
0.000
0.000
0.000
0.000
0.000
0.000
0.000
0.000
0.000
0.000
0.000
0.000
0.000
0.000
0.000
0.000
0.000
0.000
0.000
0.000
0.000
0.000
0.000
0.000
0.000
0.000
0.000
0.000
0.000
0.000
0.000
0.000
0.000
0.000
0.000
0.000
0.000
0.000
0.000
0.000
0.000
0.000
0.000
0.000
0.000
0.000
0.000
0.000
0.000
0.000
0.000
0.000
0.000
0.000
0.000
0.000
0.000
0.000
0.000
0.000
0.000
0.000
0.000
0.000
0.000
0.000
0.000
0.000
0.000
0.000
0.000
0.000
0.000
0.000
0.000
0.000
0.000
0.000
0.000
0.000
0.000
0.000
0.000
0.000
0.000
0.000
0.000
0.000
0.000
0.000
0.000
0.000
0.000
0.000
0.000
0.000
0.000
0.000
0.000
0.000
0.000
0.000
0.000
0.000
0.000
0.000
0.000
0.000
0.000
0.000
0.000
0.000
0.000
0.000
0.000
0.000
0.000
0.000
0.000
0.000
0.000
0.000
0.000
0.000
0.000
0.000
0.000
0.000
0.000
0.000
0.000
0.000
0.000
0.000
0.000
0.000
0.000
0.000
0.000
0.000
0.000
0.000
0.000
0.000
0.000
0.000
0.000
0.000
0.000
0.000
0.000
0.000
0.000
0.000
0.000
0.000
0.000
0.000
0.000
0.000
0.000
0.000
0.000
0.000
0.000
0.000
0.000
0.000
0.000
0.000
0.000
0.000
0.000
0.000
0.000
0.000
0.000
0.000
0.000
0.000
0.000
0.000
0.000
0.000
0.000
0.000
0.000
0.000
0.000
0.000
0.000
0.000
0.000
0.000
0.000
0.000
0.000
0.000
0.000
0.000
0.000
0.000
0.000
0.000
0.000
0.000
0.000
0.000
0.000
0.000
0.000
0.000
0.000
0.000
0.000
0.000
0.000
0.000
0.000
0.000
0.000
0.000
0.000
0.000
0.000
0.000
0.000
0.000
0.000
0.000
0.000
0.000
0.000
0.000
0.000
0.000
0.000
0.000
0.000
0.000
0.000
0.000
0.000
0.000
0.000
0.000
0.000
0.000
0.000
0.000
0.000
0.000
0.000
0.000
0.000
0.000
0.000
0.000
0.000
0.000
0.000
0.000
0.000
0.000
0.000
0.000
0.000
0.000
0.000
0.000
0.000
0.000
0.000
0.000
0.000
0.000
0.000
0.000
0.000
0.000
0.000
0.000
0.000
0.000
0.000
0.000
0.000
0.000
0.000
0.000
0.000
0.000
0.000
0.000
0.000
0.000
0.000
0.000
0.000
0.000
0.000
0.000
0.000
0.000
0.000
0.000
0.000
0.000
0.000
0.000
0.000
0.000
0.000
0.000
0.000
0.000
0.000
0.000
0.000
0.000
0.000
0.000
0.000
0.000
0.000
0.000
0.000
0.000
0.000
0.000
0.000
0.000
0.000
0.000
0.000
0.000
0.000
0.000
0.000
0.000
0.000
0.000
0.000
0.000
0.000
0.000
0.000
0.000
0.000
0.000
0.000
0.000
0.000
0.000
0.000
0.000
0.000
0.000
0.000
0.000
0.000
0.000
0.000
0.000
0.000
0.000
0.000
0.000
0.000
0.000
0.000
0.000
0.000
0.000
0.000
0.000
0.000
0.000
0.000
0.000
0.000
0.000
0.000
0.000
0.000
0.000
0.000
0.000
0.000
0.000
0.000
0.000
0.000
0.000
0.000
0.000
0.000
0.000
0.000
0.000
0.000
0.000
0.000
0.000
0.000
0.000
0.000
0.000
0.000
0.000
0.000
0.000
0.000
0.000
0.000
0.000
0.000
0.000
0.000
0.000
0.000
0.000
0.000
0.000
0.000
0.000
0.000
0.000
0.000
0.000
0.000
0.000
0.000
0.000
0.000
0.000
0.000
0.000
0.000
0.000
0.000
0.000
0.000
0.000
0.000
0.000
0.000
0.000
0.000
0.000
0.000
0.000
0.000
0.000
0.000
0.000
0.000
0.000
0.000
0.000
0.000
0.000
0.000
0.000
0.000
0.000
0.000
0.000
0.000
0.000
0.000
0.000
0.000
0.000
0.000
0.000
0.000
0.000
0.000
0.000
0.000
0.000
0.000
0.000
0.000
0.000
0.000
0.000
0.000
0.000
0.000
0.000
0.000
0.000
0.000
0.000
0.000
0.000
0.000
0.000
0.000
0.000
0.000
0.000
0.000
0.000
0.000
0.000
0.000
0.000
0.000
0.000
0.000
0.000
0.000
0.000
0.000
0.000
0.000
0.000
0.000
0.000
0.000
0.000
0.000
0.000
0.000
0.000
0.000
0.000
0.000
0.000
0.000
0.000
0.000
0.000
0.000
0.000
0.000
0.000
0.000
0.000
0.000
0.000
0.000
0.000
0.000
0.000
0.000
0.000
0.000
0.000
0.000
0.000
0.000
0.000
0.000
0.000
0.000
0.000
0.000
0.000
0.000
0.000
0.000
0.000
0.000
0.000
0.000
0.000
0.000
0.000
0.000
0.000
0.000
0.000
0.000
0.000
0.000
0.000
0.000
0.000
0.000
0.000
0.000
0.000
0.000
0.000
0.000
0.000
0.000
0.000
0.000
0.000
0.000
0.000
0.000
0.000
0.000
0.000
0.000
0.000
0.000
0.000
0.000
0.000
0.000
0.000
0.000
0.000
0.000
0.000
0.000
0.000
0.000
0.000
0.000
0.000
0.000
0.000
0.000
0.000
0.000
0.000
0.000
0.000
0.000
0.000
0.000
0.000
0.000
0.000
0.000
0.000
0.000
0.000
0.000
0.000
0.000
0.000
0.000
0.000
0.000
0.000
0.000
0.000
0.000
0.000
0.000
0.000
0.000
0.000
0.000
0.000
0.000
0.000
0.000
0.000
0.000
0.000
0.000
0.000
0.000
0.000
0.000
0.000
0.000
0.000
0.000
0.000
0.000
0.000
0.000
0.000
0.000
0.000
0.000
0.000
0.000
0.000
0.000
0.000
0.000
0.000
0.000
0.000
0.000
0.000
0.000
0.000
0.000
0.000
0.000
0.000
0.000
0.000
0.000
0.000
0.000
0.000
0.000
0.000
0.000
0.000
0.000
0.000
0.000
0.000
0.000
0.000
0.000
0.000
0.000
0.000
0.000
0.000
0.000
0.000
0.000
0.000
0.000
0.000
0.000
0.000
0.000
0.000
0.000
0.000
0.000
0.000
0.000
0.000
0.000
0.000
0.000
0.000
0.000
0.000
0.000
0.000
0.000
0.000
0.000
0.000
0.000
0.000
0.000
0.000
0.000
0.000
0.000
0.000
0.000
0.000
0.000
0.000
0.000
0.000
0.000
0.000
0.000
0.000
0.000
0.000
0.000
0.000
0.000
0.000
0.000
0.000
0.000
0.000
0.000
0.000
0.000
0.000
0.000
0.000
0.000
0.000
0.000
0.000
0.000
0.000
0.000
0.000
0.000
0.000
0.000
0.000
0.000
0.000
0.000
0.000
0.000
0.000
0.000
0.000
0.000
0.000
0.000
0.000
0.000
0.000
0.000
0.000
0.000
0.000
0.000
0.000
0.000
0.000
0.000
0.000
0.000
0.000
0.000
0.000
0.000
0.000
0.000
0.000
0.000
0.000
0.000
0.000
0.000
0.000
0.000
0.000
0.000
0.000
0.000
0.000
0.000
0.000
0.000
0.000
0.000
0.000
0.000
0.000
0.000
0.000
0.000
0.000
0.000
0.000
0.000
0.000
0.000
0.000
0.000
0.000
0.000
0.000
0.000
0.000
0.000
0.000
0.000
0.000
0.000
0.000
0.000
0.000
0.000
0.000
0.000
0.000
0.000
0.000
0.000
0.000
0.000
0.000
0.000
0.000
0.000
0.000
0.000
0.000
0.000
0.000
0.000
0.000
0.000
0.000
0.000
0.000
0.000
0.000
0.000
0.000
0.000
0.000
0.000
0.000
0.000
0.000
0.000
0.000
0.000
0.000
0.000
0.000
0.000
0.000
0.000
0.000
0.000
0.000
0.000
0.000
0.000
0.000
0.000
0.000
0.000
0.000
0.000
0.000
0.000
0.000
0.000
0.000
0.000
0.000
0.000
0.000
0.000
0.000
0.000
0.000
0.000
0.000
0.000
0.000
0.000
0.000
0.000
0.000
0.000
0.000
0.000
0.000
0.000
0.000
0.000
0.000
0.000
0.000
0.000
0.000
0.000
0.000
0.000
0.000
0.000
0.000
0.000
0.000
0.000
0.000
0.000
0.000
0.000
0.000
0.000
0.000
0.000
0.000
0.000
0.000
0.000
0.000
0.000
0.000
0.000
0.000
0.000
0.000
0.000
0.000
0.000
0.000
0.000
0.000
0.000
0.000
0.000
0.000
0.000
0.000
0.000
0.000
0.000
0.000
0.000
0.000
0.000
0.000
0.000
0.000
0.000
0.000
0.000
0.000
0.000
0.000
0.000
0.000
0.000
0.000
0.000
0.000
0.000
0.000
0.000
0.000
0.000
0.000
0.000
0.000
0.000
0.000
0.000
0.000
0.000
0.000
0.000
0.000
0.000
0.000
0.000
0.000
0.000
0.000
0.000
0.000
0.000
0.000
0.000
0.000
0.000
0.000
0.000
0.000
0.000
0.000
0.000
0.000
0.000
0.000
0.000
0.000
0.000
0.000
0.000
0.000
0.000
0.000
0.000
0.000
0.000
0.000
0.000
0.000
0.000
0.000
0.000
0.000
0.000
0.000
0.000
0.000
0.000
0.000
0.000
0.000
0.000
0.000
0.000
0.000
0.000
0.000
0.000
0.000
0.000
0.000
0.000
0.000
0.000
0.000
0.000
0.000
0.000
0.000
0.000
0.000
0.000
0.000
0.000
0.000
0.000
0.000
0.000
0.000
0.000
0.000
0.000
0.000
0.000
0.000
0.000
0.000
0.000
0.000
0.000
0.000
0.000
0.000
0.000
0.000
0.000
0.000
0.000
0.000
0.000
0.000
0.000
0.000
0.000
0.000
0.000
0.000
0.000
0.000
0.000
0.000
0.000
0.000
0.000
0.000
0.000
0.000
0.000
0.000
0.000
0.000
0.000
0.000
0.000
0.000
0.000
0.000
0.000
0.000
0.000
0.000
0.000
0.000
0.000
0.000
0.000
0.000
0.000
0.000
0.000
0.000
0.000
0.000
0.000
0.000
0.000
0.000
0.000
0.000
0.000
0.000
0.000
0.000
0.000
0.000
0.000
0.000
0.000
0.000
0.000
0.000
0.000
0.000
0.000
0.000
0.000
0.000
0.000
0.000
0.000
0.000
0.000
0.000
0.000
0.000
0.000
0.000
0.000
0.000
0.000
0.000
0.000
0.000
0.000
0.000
0.000
0.000
0.000
0.000
0.000
0.000
0.000
0.000
0.000
0.000
0.000
0.000
0.000
0.000
0.000
0.000
0.000
0.000
0.000
0.000
0.000
0.000
0.000
0.000
0.000
0.000
0.000
0.000
0.000
0.000
0.000
0.000
0.000
0.000
0.000
0.000
0.000
0.000
0.000
0.000
0.000
0.000
0.000
0.000
0.000
0.000
0.000
0.000
0.000
0.000
0.000
0.000
0.000
0.000
0.000
0.000
0.000
0.000
0.000
0.000
0.000
0.000
0.000
0.000
0.000
0.000
0.000
0.000
0.000
0.000
0.000
0.000
0.000
0.000
0.000
0.000
0.000
0.000
0.000
0.000
0.000
0.000
0.000
0.000
0.000
0.000
0.000
0.000
0.000
0.000
0.000
0.000
0.000
0.000
0.000
0.000
0.000
0.000
0.000
0.000
0.000
0.000
0.000
0.000
0.000
0.000
0.000
0.000
0.000
0.000
0.000
0.000
0.000
0.000
0.000
0.000
0.000
0.000
0.000
0.000
0.000
0.000
0.000
0.000
0.000
0.000
0.000
0.000
0.000
0.000
0.000
0.000
0.000
0.000
0.000
0.000
0.000
0.000
0.000
0.000
0.000
0.000
0.000
0.000
0.000
0.000
0.000
0.000
0.000
0.000
0.000
0.000
0.000
0.000
0.000
0.000
0.000
0.000
0.000
0.000
0.000
0.000
0.000
0.000
0.000
0.000
0.000
0.000
0.000
0.000
0.000
0.000
0.000
0.000
0.000
0.000
0.000
0.000
0.000
0.000
0.000
0.000
0.000
0.000
0.000
0.000
0.000
0.000
0.000
0.000
0.000
0.000
0.000
0.000
0.000
0.000
0.000
0.000
0.000
0.000
0.000
0.000
0.000
0.000
0.000
0.000
0.000
0.000
0.000
0.000
0.000
0.000
0.000
0.000
0.000
0.000
0.000
0.000
0.000
0.000
0.000
0.000
0.000
0.000
0.000
0.000
0.000
0.000
0.000
0.000
0.000
0.000
0.000
0.000
0.000
0.000
0.000
0.000
0.000
0.000
0.000
0.000
0.000
0.000
0.000
0.000
0.000
0.000
0.000
0.000
0.000
0.000
0.000
0.000
0.000
0.000
0.000
0.000
0.000
0.000
0.000
0.000
0.000
0.000
0.000
0.000
0.000
0.000
0.000
0.000
0.000
0.000
0.000
0.000
0.000
0.000
0.000
0.000
0.000
0.000
0.000
0.000
0.000
0.000
0.000
0.000
0.000
0.000
0.000
0.000
0.000
0.000
0.000
0.000
0.000
0.000
0.000
0.000
0.000
0.000
0.000
0.000
0.000
0.000
0.000
0.000
0.000
0.000
0.000
0.000
0.000
0.000
0.000
0.000
0.000
0.000
0.000
0.000
0.000
0.000
0.000
0.000
0.000
0.000
0.000
0.000
0.000
0.000
0.000
0.000
0.000
0.000
0.000
0.000
0.000
0.000
0.000
0.000
0.000
0.000
0.000
0.000
0.000
0.000
0.000
0.000
0.000
0.000
0.000
0.000
0.000
0.000
0.000
0.000
0.000
0.000
0.000
0.000
0.000
0.000
0.000
0.000
0.000
0.000
0.000
0.000
0.000
0.000
0.000
0.000
0.000
0.000
0.000
0.000
0.000
0.000
0.000
0.000
0.000
0.000
0.000
0.000
0.000
0.000
0.000
0.000
0.000
0.000
0.000
0.000
0.000
0.000
0.000
0.000
0.000
0.000
0.000
0.000
0.000
0.000
0.000
0.000
0.000
0.000
0.000
0.000
0.000
0.000
0.000
0.000
0.000
0.000
0.000
0.000
0.000
0.000
0.000
0.000
0.000
0.000
0.000
0.000
0.000
0.000
0.000
0.000
0.000
0.000
0.000
0.000
0.000
0.000
0.000
0.000
0.000
0.000
0.000
0.000
0.000
0.000
0.000
0.000
0.000
0.000
0.000
0.000
0.000
0.000
0.000
0.000
0.000
0.000
0.000
0.000
0.000
0.000
0.000
0.000
0.000
0.000
0.000
0.000
0.000
0.000
0.000
0.000
0.000
0.000
0.000
0.000
0.000
0.000
0.000
0.000
0.000
0.000
0.000
0.000
0.000
0.000
0.000
0.000
0.000
0.000
0.000
0.000
0.000
0.000
0.000
0.000
0.000
0.000
0.000
0.000
0.000
0.000
0.000
0.000
0.000
0.000
0.000
0.000
0.000
0.000
0.000
0.000
0.000
0.000
0.000
0.000
0.000
0.000
0.000
0.000
0.000
0.000
0.000
0.000
0.000
0.000
0.000
0.000
0.000
0.000
0.000
0.000
0.000
0.000
0.000
0.000
0.000
0.000
0.000
0.000
0.000
0.000
0.000
0.000
0.000
0.000
0.000
0.000
0.000
0.000
0.000
0.000
0.000
0.000
0.000
0.000
0.000
0.000
0.000
0.000
0.000
0.000
0.000
0.000
0.000
0.000
0.000
0.000
0.000
0.000
0.000
0.000
0.000
0.000
0.000
0.000
0.000
0.000
0.000
0.000
0.000
0.000
0.000
0.000
0.000
0.000
0.000
0.000
0.000
0.000
0.000
0.000
0.000
0.000
0.000
0.000
0.000
0.000
0.000
0.000
0.000
0.000
0.000
0.000
0.000
0.000
0.000
0.000
0.000
0.000
0.000
0.000
0.000
0.000
0.000
0.000
0.000
0.000
0.000
0.000
0.000
0.000
0.000
0.000
0.000
0.000
0.000
0.000
0.000
0.000
0.000
0.000
0.000
0.000
0.000
0.000
0.000
0.000
0.000
0.000
0.000
0.000
0.000
0.000
0.000
0.000
0.000
0.000
0.000
0.000
0.000
0.000
0.000
0.000
0.000
0.000
0.000
0.000
0.000
0.000
0.000
0.000
0.000
0.000
0.000
0.000
0.000
0.000
0.000
0.000
0.000
0.000
0.000
0.000
0.000
0.000
0.000
0.000
0.000
0.000
0.000
0.000
0.000
0.000
0.000
0.000
0.000
0.000
0.000
0.000
0.000
0.000
0.000
0.000
0.000
0.000
0.000
0.000
0.000
0.000
0.000
0.000
0.000
0.000
0.000
0.000
0.000
0.000
0.000
0.000
0.000
0.000
0.000
0.000
0.000
0.000
0.000
0.000
0.000
0.000
0.000
0.000
0.000
0.000
0.000
0.000
0.000
0.000
0.000
0.000
0.000
0.000
0.000
0.000
0.000
0.000
0.000
0.000
0.000
0.000
0.000
0.000
0.000
0.000
0.000
0.000
0.000
0.000
0.000
0.000
0.000
0.000
0.000
