0
0
0.008125
0.01
0.013125
0.0158333
0.014375
0.01575
0.0183333
0.0210714
0.0232813
0.0270833
0.03025
0.0317045
0.0341667
0.0368269
0.039375
0.0411667
0.044375
0.0475735
0.0475735
0.0522059
0.0578676
0.0623529
0.0684559
0.0752941
0.0809559
0.0865441
0.0911029
0.0968382
0.101471
0.105809
0.111912
0.117279
0.121397
0.126838
0.132574
0.137132
0.142794
0.147426
0.145515
0.151324
0.157206
0.161912
0.166985
0.171838
0.177574
0.182279
0.187794
0.193456
0.1975
0.203529
0.208603
0.214559
0.218897
0.225441
0.230588
0.234706
0.241544
0.246176
0.245441
0.252132
0.257647
0.261324
0.266985
0.272574
0.279191
0.283971
0.289779
0.295
0.298897
0.305368
0.309706
0.315809
0.319706
0.326176
0.332279
0.336324
0.3425
0.348015
0.347132
0.350441
0.356324
0.361838
0.366324
0.371691
0.377059
0.381103
0.388382
0.391544
0.396912
0.403971
0.409265
0.414485
0.419485
0.423971
0.429706
0.435294
0.441324
0.447647
0.447647
0.453529
0.458824
0.464118
0.469044
0.473824
0.480809
0.483676
0.490221
0.495662
0.500809
0.506324
0.511691
0.515882
0.521471
0.527353
0.533088
0.536765
0.542426
0.546544
0.546029
0.551397
0.556544
0.560882
0.565294
0.571103
0.577574
0.581471
0.588088
0.593529
0.598603
0.604338
0.608088
0.61375
0.619118
0.625588
0.630515
0.634559
0.640588
0.64625
0.64625
0.651029
0.655588
0.662059
0.666691
0.671765
0.677426
0.682132
0.6875
0.693015
0.699338
