-18869
-18870
-18871
-18874
-18878
-18884
-18891
-18900
-18911
-18922
-18935
-18948
-18961
-18973
-18984
-18993
-19003
-19014
-19024
-19035
-19047
-19058
-19069
-19080
-19091
-19102
-19112
-19122
-19132
-19141
-19151
-19160
-19170
-19180
-19190
-19201
-19211
-19221
-19232
-19242
-19252
-19261
-19271
-19280
-19289
-19300
-19310
-19321
-19332
-19343
-19353
-19364
-19374
-19384
-19394
-19403
-19413
-19423
-19432
-19443
-19453
-19464
-19474
-19484
-19494
-19504
-19514
-19523
-19533
-19543
-19553
-19563
-19573
-19583
-19593
-19603
-19613
-19623
-19632
-19641
-19650
-19660
-19669
-19679
-19689
-19700
-19710
-19720
-19730
-19740
-19750
-19760
-19769
-19779
-19789
-19800
-19811
-19822
-19834
-19845
-19856
-19866
-19875
-19885
-19895
-19905
-19916
-19927
-19937
-19947
-19957
-19966
-19975
-19983
-19993
-20002
-20013
-20024
-20035
-20046
-20055
-20065
-20075
-20084
-20093
-20103
-20114
-20125
-20136
-20146
-20156
-20166
-20176
-20185
-20195
-20206
-20216
-20226
-20237
-20248
-20258
-20269
-20279
-20289
-20299
-20308
-20318
-20327
-20338
-20348
-20359
-20369
-20378
-20387
-20396
-20406
-20415
-20425
-20435
-20445
-20456
-20467
-20477
-20487
-20498
-20508
-20518
-20528
-20538
-20548
-20557
-20567
-20578
-20588
-20599
-20611
-20622
-20632
-20641
-20650
-20659
-20668
-20678
-20689
-20700
-20711
-20722
-20732
-20743
-20753
-20762
-20772
-20781
-20791
-20801
-20811
-20821
-20830
-20839
-20849
-20858
-20868
-20877
-20887
-20896
-20907
-20917
-20927
-20937
-20946
-20956
-20966
-20977
-20987
-20998
-21008
-21018
-21028
-21038
-21049
-21060
-21071
-21082
-21093
-21103
-21114
-21125
-21135
-21145
-21154
-21164
-21173
-21183
-21192
-21202
-21211
-21221
-21231
-21241
-21251
-21261
-21270
-21280
-21290
-21300
-21311
-21322
-21332
-21342
-21351
-21359
-21368
-21377
-21386
-21397
-21407
-21419
-21430
-21441
-21452
-21463
-21473
-21483
-21493
-21503
-21513
-21523
-21533
-21543
-21553
-21563
-21573
-21583
-21594
-21605
-21615
-21624
-21634
-21644
-21654
-21664
-21673
-21683
-21692
-21702
-21712
-21722
-21732
-21741
-21751
-21761
-21771
-21781
-21790
-21799
-21808
-21818
-21828
-21837
-21847
-21857
-21868
-21879
-21890
-21901
-21911
-21922
-21932
-21941
-21951
-21960
-21970
-21981
-21992
-22002
-22012
-22022
-22031
-22040
-22050
-22060
-22070
-22080
-22090
-22100
-22110
-22119
-22128
-22138
-22147
-22158
-22168
-22178
-22189
-22199
-22209
-22218
-22227
-22237
-22246
-22256
-22266
-22276
-22287
-22298
-22309
-22320
-22331
-22342
-22353
-22363
-22373
-22383
-22394
-22404
-22414
-22424
-22433
-22443
-22454
-22464
-22474
-22484
-22494
-22503
-22513
-22522
-22532
-22542
-22551
-22561
-22571
-22581
-22591
-22601
-22611
-22620
-22630
-22640
-22649
-22660
-22671
-22682
-22694
-22705
-22715
-22725
-22735
-22745
-22754
-22764
-22774
-22784
-22794
-22804
-22814
-22824
-22834
-22845
-22855
-22866
-22876
-22885
-22895
-22904
-22912
-22922
-22931
-22941
-22951
-22961
-22971
-22981
-22992
-23002
-23012
-23023
-23033
-23044
-23055
-23065
-23076
-23087
-23097
-23107
-23117
-23127
-23138
-23148
-23158
-23169
-23179
-23190
-23200
-23209
-23219
-23228
-23238
-23248
-23259
-23270
-23280
-23291
-23300
-23309
-23318
-23326
-23335
-23344
-23354
-23364
-23374
-23384
-23394
-23403
-23413
-23423
-23434
-23444
-23454
-23464
-23474
-23484
-23494
-23504
-23514
-23525
-23535
-23547
-23558
-23569
-23581
-23592
-23602
-23611
-23621
-23631
-23641
-23651
-23660
-23669
-23678
-23688
-23698
-23708
-23719
-23729
-23739
-23749
-23759
-23769
-23780
-23790
-23799
-23808
-23817
-23827
-23837
-23847
-23858
-23868
-23878
-23888
-23897
-23907
-23917
-23927
-23938
-23949
-23959
-23970
-23982
-23992
-24003
-24012
-24022
-24031
-24041
-24052
-24062
-24073
-24084
-24095
-24105
-24115
-24125
-24135
-24144
-24153
-24162
-24171
-24180
-24190
-24200
-24210
-24221
-24231
-24242
-24253
-24264
-24274
-24283
-24291
-24300
-24309
-24317
-24327
-24337
-24347
-24358
-24368
-24378
-24388
-24398
-24409
-24419
-24430
-24440
-24451
-24461
-24471
-24480
-24490
-24499
-24509
-24519
-24529
-24539
-24549
-24559
-24570
-24580
-24590
-24600
-24609
-24618
-24627
-24637
-24647
-24658
-24668
-24678
-24687
-24697
-24707
-24716
-24726
-24735
-24745
-24755
-24765
-24776
-24787
-24799
-24810
-24821
-24831
-24842
-24852
-24862
-24872
-24882
-24892
-24902
-24911
-24921
-24932
-24942
-24953
-24963
-24972
-24982
-24991
-25001
-25009
-25017
-25022
-25026
-25029
-25030
-25032
-25033
-25035
-25036
-25037
-25038
-25039
-25040
-25040
-25041
-25041