-333
109
-40
-10
-87
7
-10
-38
-61
0
-23
-11
35
167
-15
101
255
78
98
33
114
167
214
284
246
175
225
30
188
84
317
211
249
168
311
360
301
334
249
363
229
113
439
340
376
290
153
217
382
429
573
144
206
280
278
226
183
282
253
233
217
206
250
230
243
259
256
241
238
243
250
232
201
223
233
273
250
256
242
222
233
224
243
263
254
242
234
215
232
253
246
256
253
251
230
252
256
232
231
233
226
251
269
252
241
212
250
230
276
251
253
238
230
204
245
256
271
264
255
235
237
245
238
244
204
224
224
239
254
241
238
247
216
241
263
260
243
227
212
231
217
240
269
259
240
247
263
239
258
235
243
206
228
220
240
241
238
226
242
236
267
277
272
228
206
228
230
252
265
255
231
247
230
249
248
272
228
230
223
215
252
257
260
237
241
253
267
260
257
236
226
212
247
255
243
253
239
225
255
229
256
255
236
224
186
237
249
251
259
234
243
244
248
252
271
234
220
233
238
257
244
267
223
240
247
255
245
263
208
212
188
243
241
242
241
241
232
235
261
262
266
237
236
219
242
236
237
255
232
216
268
245
263
275
222
226
218
248
232
235
263
246
236
237
254
252
245
249
220
215
231
231
239
251
236
236
247
269
264
260
256
218
214
237
231
232
231
229
233
255
269
268
262
249
220
215
252
219
273
296
358
-23
14
134
127
171
68
104
21
149
169
145
166
49
37
-3
137
99
-14
66
54
55
55
52
52
46
21
-47
-96
-75
-125
-201
-173
-166
-229
-119
-284
-217
-118
-250
-163
-275
-314
-274
-281
-334
-352
-362
-316
-290
-460
-109
-389
-329
-373
-322
-346
-266
-354
-411
-276
-399
-305
-257
-322
-288
-247
-224
-211
-195
-238
-231
-240
-246
-260
-240
-263
-233
-223
-262
-232
-235
-232
-211
-218
-224
-228
-257
-238
-262
-246
-267
-244
-239
-207
-225
-201
-238
-235
-256
-228
-239
-240
-238
-261
263
253
222
213
235
231
239
253
231
223
241
248
269
256
240
199
258
212
216
168
268
230
44
27
84
167
228
119
75
13
121
67
150
77
146
10
61
94
92
-34
14
41
28
35
42
37
31
-3
-48
-100
-114
-121
-172
-124
-148
-121
-156
-292
-364
-317
-268
-330
-304
-262
-182
-193
-308
-357
-325
-291
-304
-395
-134
-305
-311
-343
-388
-299
-219
-216
-424
-260
-383
-327
-163
-303
-297
-266
-245
-172
-245
-224
-212
-262
-261
-246
-246
-254
-246
-229
-245
-238
-232
-223
-236
-219
-234
-241
-228
-235
-255
-253
-255
-264
-229
-222
-209
-192
-225
-243
-246
-248
-237
-251
-221
-242
-249
-256
-241
-222
-222
-223
-230
-212
-250
-236
-261
-244
-252
-239
-238
-201
-211
-208
-234
-226
-236
-243
-234
-243
-248
-251
-271
-249
-237
-223
-201
-219
-228
-234
-258
-238
-256
-259
-244
-243
-237
-234
-208
-215
-222
-221
-235
-239
-221
-251
-253
-246
-253
-270
-236
-214
-208
-207
-225
-226
-242
-229
-257
-252
-240
-260
-260
-228
-222
-217
-227
-227
-228
-233
-234
-258
-250
-257
-263
-257
-223
-234
-205
-222
-230
-229
-242
-244
-246
-254
-267
-280
-245
-243
-228
-201
-241
-225
-218
-239
-233
-237
-257
-260
-265
-245
-252
-218
-205
-212
-238
-224
-251
-222
-234
-243
-268
-266
-252
-236
-237
-218
-228
-230
-217
-243
-228
-243
-238
-272
-282
-274
-230
-226
-211
-225
-229
-246
-245
-233
-231
-249
-269
-272
-238
-246
-231
-204
-225
-207
-219
-235
-228
-235
-257
-235
-287
-264
-261
-233
-213
-207
-238
-224
-245
-227
-242
-244
-262
-270
-263
-230
-232
-223
-167
-219
-208
-230
-227
-252
-227
-261
-275
-281
-247
-229
-200
-216
-227
-222
-218
-229
-237
-242
-274
-273
-270
-241
-228
-208
-212
-224
-203
-203
-238
-194
-202
-40
-336
-68
-141
-102
-176
-119
-113
-75
-158
-105
140
-68
-41
-34
-8
-11
-51
-63
-15
-43
-5
-30
75
73
197
194
117
91
94
140
164
212
207
382
134
121
178
186
90
235
158
311
284
238
337
272
216
181
296
101
248
400
407
209
246
326
183
372
482
463
200
220
282
269
182
205
286
257
260
235
196
240
244
250
250
262
244
244
244
256
219
217
230
215
261
274
250
236
218
229
241
258
267
251
235
222
212
237
247
249
255
251
252
236
255
233
230
222
218
217
256
235
245
248
216
218
228
258
271
251
229
227
202
254
234
269
236
268
238
233
214
260
232
243
229
220
256
234
259
238
217
218
232
265
266
237
228
211
217
225
248
252
240
226
238
236
232
247
252
224
211
218
243
242
250
254
247
251
246
267
264
233
238
206
196
217
247
268
250
247
228
250
228
262
262
226
231
205
229
239
258
232
243
241
245
268
254
247
218
216
234
228
241
242
263
234
232
241
271
261
275
236
228
188
233
241
255
252
228
228
245
244
247
272
232
223
204
241
241
244
231
235
226
251
242
263
269
250
208
202
246
239
251
246
244
234
232
262
262
258
239
224
223
229
250
236
258
225
233
245
268
263
248
223
234
204
249
230
245
263
215
225
244
255
265
254
228
231
210
269
237
249
240
243
215
246
265
283
252
243
217
201
236
230
239
250
241
237
246
266
261
262
259
212
234
238
260
248
264
344
48
73
89
233
203
82
69
154
201
124
150
86
84
81
-66
13
96
38
45
52
49
48
48
48
41
5
-56
-115
-69
-141
-162
-104
-165
-159
-151
-237
-283
-257
-265
-180
-323
-326
-401
-281
-302
-365
-337
-264
-182
-496
-113
-332
-338
-284
-259
-353
-188
-318
-369
-317
-435
-315
-302
-287
-253
-290
-260
-200
-202
-196
-234
-227
-285
-250
-235
-241
-228
-235
-246
-250
-213
-227
-220
-220
-218
-240
-240
-251
-249
-245
-251
-257
-223
-226
-211
-229
-222
-240
-259
-239
-235
-235
-230
-251
-264
-233
-237
-220
-211
-224
-227
-211
-236
-254
-252
-238
-267
-252
-246
-208
-228
-240
-226
-233
-246
-233
-241
-247
-242
-261
-257
-255
-229
-203
-216
-222
-235
-238
-232
-234
-242
-260
-251
-266
-251
-241
-206
-242
-210
-239
-245
-248
-233
-251
-250
-253
-260
-256
-216
-222
-209
-193
-221
-234
-248
-227
-261
-237
-248
-254
-254
-224
-224
-212
-212
-217
-236
-237
-231
-256
-256
-265
-259
-252
-220
-234
-192
-216
-228
-236
-227
-234
-244
-255
-258
-267
-253
-247
-220
-212
-239
-220
-222
-244
-235
-237
-241
-256
-261
-261
-232
-210
-220
-220
-226
-210
-253
-231
-251
-250
-271
-259
-261
-253
-217
-216
-226
-242
-216
-246
-225
-247
-244
-264
-251
-273
-237
-220
-219
-209
-213
-234
-244
-231
-251
-249
-270
-265
-261
-242
-233
-226
-220
-203
-215
-223
-233
-230
-253
-245
-290
-282
-239
-221
-229
-204
-240
-242
-249
-227
-257
-238
-260
-286
-254
-240
-228
-209
-197
-228
-222
-231
-232
-247
-234
-257
-273
-280
-247
-227
-200
-215
-236
-226
-216
-214
-245
-230
-267
-272
-269
-241
-228
-204
-214
-228
-213
-164
-207
-129
-196
-7
-336
-178
-106
-204
-208
-123
-34
-123
-194
-347
53
-64
-78
-70
-88
-63
-72
-56
-7
-20
-17
-68
178
39
119
171
35
92
101
31
183
115
400
255
205
154
214
225
157
257
229
243
235
300
385
267
303
352
387
58
96
400
300
359
303
248
253
290
479
485
121
326
227
252
135
196
290
247
232
218
215
247
253
246
239
246
263
256
251
257
223
200
232
213
263
259
256
253
224
225
224
262
275
239
232
220
203
234
251
249
269
244
259
229
261
241
222
209
224
222
265
247
247
241
229
237
226
253
271
255
230
217
205
245
247
259
255
239
263
238
251
267
240
234
240
228
233
245
250
254
227
244
228
262
272
267
224
213
228
231
266
250
248
229
238
234
255
266
244
219
223
223
231
234
258
232
231
238
237
258
269
244
218
233
217
240
238
253
252
240
242
248
235
278
240
241
220
211
240
242
254
246
237
238
235
254
257
255
229
218
210
231
251
242
260
229
256
226
264
266
272
224
229
184
244
248
253
250
226
239
243
255
245
255
227
241
216
235
238
250
249
255
225
258
258
262
280
235
216
218
225
233
245
249
234
233
242
249
244
262
241
225
231
254
254
219
256
213
235
254
262
274
276
225
226
218
254
229
245
265
234
230
244
254
268
278
253
235
219
244
231
239
249
234
226
262
252
259
248
249
228
219
239
240
242
264
231
231
237
250
266
262
250
214
231
254
247
164
310
277
32
49
173
157
200
105
122
43
122
182
168
116
19
-9
-31
37
4
84
52
42
44
44
44
47
36
7
-54
-112
-261
-125
-198
-157
-233
-219
-175
-169
-201
-213
-242
-247
-264
-242
-253
-216
-312
-312
-340
-297
-341
-534
-78
-363
-284
-282
-283
-286
-142
-266
-311
-250
-326
-281
-264
-240
-244
-269
-232
-186
-192
-176
-202
-278
-273
-242
-249
-228
-241
-224
-243
-240
-234
-258
-206
-204
-209
-238
-229
-241
-244
-255
-250
-262
-223
-229
-202
-232
-234
-232
-240
-248
-237
-250
-228
-265
-262
-255
-243
-226
-196
-215
-228
-224
-249
-239
-244
-236
-272
-226
-234
-232
-197
-224
-233
-239
-233
-240
-234
-237
-251
-251
-262
-255
-225
-213
-202
-234
-219
-245
-255
-247
-236
-251
-252
-255
-233
-228
-212
-211
-223
-237
-233
-251
-220
-247
-261
-254
-263
-237
-234
-204
-224
-205
-209
-216
-249
-239
-239
-233
-257
-257
-250
-238
-215
-224
-228
-211
-235
-239
-226
-278
-252
-269
-260
-257
-237
-220
-176
-227
-218
-240
-250
-225
-247
-233
-272
-249
-248
-243
-230
-209
-236
-218
-222
-238
-247
-243
-242
-266
-277
-235
-243
-214
-208
-207
-240
-230
-235
-228
-242
-233
-568
-820
-996
-1118
-783
-365
-72
106
10
-353
-563
-937
-820
-748
-440
-342
-228
-309
-602
-715
-773
-775
-626
-439
-374
-358
-506
-580
-709
-821
-678
-644
-581
-532
-508
-576
-701
-717
-724
-781
-633
-604
-551
-592
-596
-684
-762
-700
-649
-644
-620
-585
-621
-679
-726
-679
-764
-694
-643
-594
-549
-592
-559
-592
-594
-635
-651
-660
-616
-621
-575
-606
-612
-590
-553
-560
-537
-544
-570
-540
-552
-551
-533
-515
-527
-539
-476
-490
-449
-587
-461
-173
-761
-423
-432
-360
-452
-290
-130
-353
-379
-396
-187
-199
-121
-107
-138
-133
-145
-190
-68
-67
-106
-162
194
-2
93
128
223
116
87
69
174
178
205
306
233
169
81
158
51
239
279
287
333
332
417
351
273
266
359
179
158
301
334
358
256
334
226
386
440
437
151
253
206
252
299
239
277
246
237
225
214
260
247
241
252
264
260
255
258
255
223
191
217
219
258
266
273
250
236
223
224
265
267
258
247
203
216
232
244
229
281
235
249
239
243
255
237
224
224
214
250
257
249
241
213
239
228
266
261
272
232
227
184
240
242
256
251
272
246
245
245
250
236
228
226
221
252
247
265
220
226
235
247
245
270
243
244
190
235
224
252
271
264
238
236
230
250
258
259
227
213
230
239
264
236
261
227
240
229
268
256
271
220
215
211
221
252
266
264
250
244
242
248
268
254
235
243
212
243
242
245
238
231
225
248
244
253
251
227
196
225
234
256
263
248
243
232
255
248
258
248
237
208
220
221
233
248
256
248
238
248
254
248
256
219
236
209
232
264
245
256
229
230
240
269
254
289
227
232
185
237
251
249
255
227
226
249
255
240
264
244
233
216
248
229
230
243
238
238
237
247
266
257
227
229
195
239
246
227
245
249
246
234
252
238
250
244
225
202
247
244
228
245
219
243
241
253
254
283
246
234
195
227
233
235
252
234
244
230
268
269
252
235
231
206
205
257
159
268
264
9
39
40
142
223
157
87
146
175
225
171
159
90
-6
42
68
68
76
68
52
52
51
56
54
48
20
-55
-90
-125
-150
-176
-188
-68
-94
-136
-213
-397
-229
-266
-245
-294
-328
-333
-274
-279
-359
-343
-289
-270
-411
-70
-389
-319
-274
-314
-389
-145
-204
-410
-303
-346
-347
-182
-264
-257
-261
-244
-200
-199
-215
-185
-236
-254
-261
-238
-241
-233
-243
-250
-251
-234
-225
-211
-218
-231
-215
-249
-227
-265
-241
-259
-260
-246
-226
-211
-212
-223
-224
-260
-245
-232
-246
-236
-252
-250
-243
-226
-221
-226
-234
-211
-242
-237
-245
-250
-251
-261
-248
-234
-217
-205
-214
-222
-216
-231
-247
-241
-261
-235
-245
-255
-249
-230
-197
-225
-218
-228
-226
-242
-224
-245
-261
-274
-239
-238
-240
-214
-226
-218
-221
-234
-266
-221
-266
-249
-272
-241
-258
-223
-233
-200
-209
-224
-249
-246
-227
-254
-240
-266
-264
-249
-220
-212
-219
-226
-213
-231
-236
-235
-252
-258
-266
-258
-247
-227
-220
-195
-204
-246
-223
-238
-242
-240
-250
-257
-256
-244
-242
-215
-192
-215
-227
-213
-249
-230
-247
-235
-270
-267
-244
-243
-222
-189
-225
-243
-227
-243
-235
-243
-239
-281
-286
-288
-387
-500
-481
-325
-348
-74
-93
-137
-265
-374
-523
-576
-487
-369
-294
-285
-336
-361
-326
-500
-457
-489
-429
-413
-465
-450
-516
-520
-425
-579
-537
-547
-589
-522
-591
-602
-671
-605
-640
-640
-676
-640
-600
-628
-652
-789
-669
-723
-650
-704
-698
-767
-631
-729
-776
-797
-740
-753
-777
-655
-675
-762
-787
-829
-860
-752
-800
-766
-724
-798
-804
-771
-774
-800
-827
-804
-848
-811
-764
-831
-812
-813
-859
-778
-807
-726
-794
-619
-542
-971
-677
-662
-764
-836
-648
-620
-688
-766
-809
-443
-650
-639
-711
-759
-535
-480
-699
-576
-602
-566
-543
-376
-546
-482
-411
-329
-482
-458
-420
-346
-354
-292
-381
-184
-358
-316
-337
-444
-263
-322
-231
-224
-180
-93
-204
-245
-238
-145
-372
-375
-153
-144
-93
-117
-139
-158
19
1
178
-144
-76
11
45
-8
12
83
19
11
66
59
191
156
146
204
170
174
186
114
235
181
228
193
271
154
276
214
216
188
220
287
319
222
325
191
203
219
255
294
273
303
210
259
233
262
268
255
241
221
214
234
275
239
254
225
274
229
283
272
257
206
234
215
240
263
263
257
240
241
231
270
242
267
226
234
217
246
232
258
245
249
252
242
266
283
240
243
211
216
248
241
260
254
229
227
248
235
275
251
232
201
222
203
253
238
248
233
242
227
242
275
259
222
228
225
228
275
253
258
235
253
248
280
277
250
229
230
201
217
264
245
262
238
249
230
259
256
276
245
243
212
229
224
265
253
255
247
261
235
257
258
234
229
212
225
242
259
245
238
233
243
247
274
264
227
218
227
237
244
246
252
240
238
251
264
258
246
231
226
214
222
228
233
246
225
254
239
254
264
255
223
231
224
244
230
248
263
234
232
246
244
265
262
239
222
193
241
244
245
237
228
236
241
259
260
259
242
229
186
258
230
252
239
239
229
266
254
279
232
246
225
204
240
233
227
255
226
237
234
249
260
265
249
225
242
204
252
153
227
291
108
53
91
119
238
108
79
48
86
116
205
168
75
75
30
52
-28
66
26
49
47
46
48
50
43
5
-45
-95
-206
-158
-91
-131
-164
-290
-196
-134
-296
-239
-205
-233
-266
-296
-285
-251
-303
-244
-457
-331
-250
-504
-139
-373
-448
-233
-239
-230
-256
-238
-458
-272
-376
-298
-250
-203
-233
-280
-240
-184
-223
-185
-249
-242
-265
-252
-240
-235
-241
-249
-252
-239
-226
-231
-239
-238
-228
-243
-236
-237
-250
-256
-250
-253
-228
-242
-222
-211
-231
-242
-252
-240
-244
-246
-230
-251
-259
-230
-255
-218
-222
-209
-234
-222
-256
-233
-242
-263
-247
-255
-250
-235
-201
-219
-221
-233
-220
-248
-226
-252
-229
-250
-252
-250
-226
-201
-221
-223
-222
-224
-247
-229
-255
-243
-262
-254
-249
-213
-230
-214
-233
-221
-238
-234
-230
-239
-252
-254
-254
-260
-228
-214
-198
-216
-223
-236
-248
-234
-239
-247
-237
-267
-255
-227
-216
-213
-209
-219
-223
-242
-245
-251
-249
-259
-273
-249
-232
-215
-215
-200
-233
-222
-255
-227
-250
-242
-266
-263
-250
-232
-219
-196
-214
-222
-196
-259
-239
-251
-232
-277
-264
-259
-237
-227
-201
-223
-227
-207
-244
-238
-240
-245
-268
-249
-266
-226
-213
-200
-228
-214
-220
-256
-245
-241
-244
-261
-248
-265
-225
-222
-215
-214
-207
-225
-231
-238
-244
-251
-255
-262
-250
-254
-225
-229
-207
-274
-394
-626
-724
-704
-635
-142
-142
-122
-264
-455
-656
-784
-736
-454
-384
-300
-312
-424
-617
-691
-722
-705
-654
-384
-384
-406
-526
-657
-651
-823
-721
-610
-624
-542
-562
-657
-798
-782
-789
-823
-689
-663
-595
-622
-685
-851
-894
-848
-841
-782
-696
-750
-703
-729
-690
-755
-699
-587
-882
-693
-674
-713
-667
-733
-680
-661
-708
-817
-459
-426
-569
-712
-626
-603
-559
-602
-580
-505
-560
-641
-407
-554
-400
-356
-265
-422
-382
-357
-256
-424
-258
-259
-265
-220
-315
-283
-368
-189
-299
-260
-143
-106
-9
-103
-181
-196
-100
-183
-151
-14
-35
66
-56
-55
-50
86
127
114
-38
-42
18
71
48
59
55
44
59
101
117
156
181
179
145
207
156
245
219
298
297
125
210
243
221
295
245
297
257
238
252
193
259
241
225
207
232
248
280
252
256
241
254
220
261
288
233
229
239
198
233
258
265
270
225
245
222
259
267
256
217
229
207
245
253
260
252
252
257
237
271
277
254
228
208
209
244
266
259
250
238
238
239
257
284
244
234
211
240
216
262
264
268
233
248
242
251
275
235
231
208
213
232
256
266
259
230
251
245
260
262
258
235
216
215
239
265
238
