0.006
0.046
0.119
0.132
0.382
0.444
0.736
0.880
1.378
1.679
1.969
2.426
2.979
3.281
3.822
4.595
5.020
5.713
6.399
7.312
8.013
8.756
9.645
10.525
11.437
12.560
13.447
14.678
15.696
16.721
18.098
19.190
20.511
21.681
23.067
24.580
25.979
27.433
28.966
30.366
32.016
33.686
35.379
36.885
38.730
40.415
42.395
44.268
46.167
48.053
50.040
51.943
54.100
56.107
58.281
60.484
62.811
65.005
67.358
69.559
71.999
74.480
76.936
79.467
82.018
84.593
87.020
89.880
92.529
95.297
98.047
100.873
103.681
106.531
109.433
112.435
115.608
118.604
121.598
124.775
127.923
131.320
134.558
137.683
141.043
144.446
147.975
151.404
154.937
158.468
162.100
165.562
169.286
173.015
176.665
180.564
184.376
188.172
192.179
196.075
199.930
203.929
208.077
212.208
216.230
220.430
224.819
229.010
233.287
237.589
242.097
246.490
250.788
255.333
259.940
264.592
269.056
273.719
278.577
283.272
287.900
292.900
297.747
302.651
307.551
312.426
317.586
322.636
327.770
332.721
337.946
343.198
348.441
353.880
359.198
364.597
369.850
375.479
380.784
386.501
391.932
397.585
403.208
409.077
414.758
420.600
426.243
432.183
438.061
443.943
449.909
