P1, 337.730000, 20.843000, 0.0, 0.0, 0.0, 0.0, 0.0, 0.0, 0.0, Right, UnKnown, UnKnown, 1, -1, 1, 0,#....
P2, 337.580000, 20.758000, 0.0, 0.0, 0.0, 0.0, 0.0, 0.0, 0.0, Right, UnKnown, UnKnown, 1, -1, 1, 0,#....
P3, 337.230000, 20.499000, 0.0, 0.0, 0.0, 0.0, 0.0, 0.0, 0.0, Right, UnKnown, UnKnown, 1, -1, 1, 0,#....
P4, 337.050000, 20.336000, 0.0, 0.0, 0.0, 0.0, 0.0, 0.0, 0.0, Right, UnKnown, UnKnown, 1, -1, 1, 0,#....
P5, 336.920000, 20.184000, 0.0, 0.0, 0.0, 0.0, 0.0, 0.0, 0.0, Right, UnKnown, UnKnown, 1, -1, 1, 0,#....
P6, 335.870000, 18.156000, 0.0, 0.0, 0.0, 0.0, 0.0, 0.0, 0.0, Right, UnKnown, UnKnown, 1, -1, 1, 0,#....
P7, 335.180000, 16.207000, 0.0, 0.0, 0.0, 0.0, 0.0, 0.0, 0.0, Right, UnKnown, UnKnown, 1, -1, 1, 0,#....
P8, 334.530000, 14.309000, 0.0, 0.0, 0.0, 0.0, 0.0, 0.0, 0.0, Right, UnKnown, UnKnown, 1, -1, 1, 0,#....
P9, 333.950000, 12.404000, 0.0, 0.0, 0.0, 0.0, 0.0, 0.0, 0.0, Right, UnKnown, UnKnown, 1, -1, 1, 0,#....
P10, 333.260000, 10.233000, 0.0, 0.0, 0.0, 0.0, 0.0, 0.0, 0.0, Right, UnKnown, UnKnown, 1, -1, 1, 0,#....
P11, 332.610000, 7.689000, 0.0, 0.0, 0.0, 0.0, 0.0, 0.0, 0.0, Right, UnKnown, UnKnown, 1, -1, 1, 0,#....
P12, 332.100000, 5.428000, 0.0, 0.0, 0.0, 0.0, 0.0, 0.0, 0.0, Right, UnKnown, UnKnown, 1, -1, 1, 0,#....
P13, 331.530000, 2.862000, 0.0, 0.0, 0.0, 0.0, 0.0, 0.0, 0.0, Right, UnKnown, UnKnown, 1, -1, 1, 0,#....
P14, 331.170000, 0.603000, 0.0, 0.0, 0.0, 0.0, 0.0, 0.0, 0.0, Right, UnKnown, UnKnown, 1, -1, 1, 0,#....
P15, 331.030000, -0.413000, 0.0, 0.0, 0.0, 0.0, 0.0, 0.0, 0.0, Right, UnKnown, UnKnown, 1, -1, 1, 0,#....
P16, 331.020000, -0.532000, 0.0, 0.0, 0.0, 0.0, 0.0, 0.0, 0.0, Right, UnKnown, UnKnown, 1, -1, 1, 0,#....
P17, 330.860000, -2.762000, 0.0, 0.0, 0.0, 0.0, 0.0, 0.0, 0.0, Right, UnKnown, UnKnown, 1, -1, 1, 0,#....
P18, 330.600000, -4.357000, 0.0, 0.0, 0.0, 0.0, 0.0, 0.0, 0.0, Right, UnKnown, UnKnown, 1, -1, 1, 0,#....
P19, 330.590000, -4.512000, 0.0, 0.0, 0.0, 0.0, 0.0, 0.0, 0.0, Right, UnKnown, UnKnown, 1, -1, 1, 0,#....
P20, 330.600000, -4.871000, 0.0, 0.0, 0.0, 0.0, 0.0, 0.0, 0.0, Right, UnKnown, UnKnown, 1, -1, 1, 0,#....
P21, 330.570000, -6.794000, 0.0, 0.0, 0.0, 0.0, 0.0, 0.0, 0.0, Right, UnKnown, UnKnown, 1, -1, 1, 0,#....
P22, 330.550000, -8.879000, 0.0, 0.0, 0.0, 0.0, 0.0, 0.0, 0.0, Right, UnKnown, UnKnown, 1, -1, 1, 0,#....
P23, 330.590000, -10.767000, 0.0, 0.0, 0.0, 0.0, 0.0, 0.0, 0.0, Right, UnKnown, UnKnown, 1, -1, 1, 0,#....
P24, 330.810000, -12.592000, 0.0, 0.0, 0.0, 0.0, 0.0, 0.0, 0.0, Right, UnKnown, UnKnown, 1, -1, 1, 0,#....
P25, 331.040000, -14.883000, 0.0, 0.0, 0.0, 0.0, 0.0, 0.0, 0.0, Right, UnKnown, UnKnown, 1, -1, 1, 0,#....
P26, 331.260000, -16.981000, 0.0, 0.0, 0.0, 0.0, 0.0, 0.0, 0.0, Right, UnKnown, UnKnown, 1, -1, 1, 0,#....
P27, 331.500000, -18.689000, 0.0, 0.0, 0.0, 0.0, 0.0, 0.0, 0.0, Right, UnKnown, UnKnown, 1, -1, 1, 0,#....
P28, 331.790000, -20.682000, 0.0, 0.0, 0.0, 0.0, 0.0, 0.0, 0.0, Right, UnKnown, UnKnown, 1, -1, 1, 0,#....
P29, 332.220000, -22.783000, 0.0, 0.0, 0.0, 0.0, 0.0, 0.0, 0.0, Right, UnKnown, UnKnown, 1, -1, 1, 0,#....
P30, 332.380000, -23.326000, 0.0, 0.0, 0.0, 0.0, 0.0, 0.0, 0.0, Right, UnKnown, UnKnown, 1, -1, 1, 0,#....
P31, 332.440000, -23.502000, 0.0, 0.0, 0.0, 0.0, 0.0, 0.0, 0.0, Right, UnKnown, UnKnown, 1, -1, 1, 0,#....
P32, 332.500000, -23.651000, 0.0, 0.0, 0.0, 0.0, 0.0, 0.0, 0.0, Right, UnKnown, UnKnown, 1, -1, 1, 0,#....
P33, 332.690000, -24.000000, 0.0, 0.0, 0.0, 0.0, 0.0, 0.0, 0.0, Right, UnKnown, UnKnown, 1, -1, 1, 0,#....
P34, 332.830000, -24.210000, 0.0, 0.0, 0.0, 0.0, 0.0, 0.0, 0.0, Right, UnKnown, UnKnown, 1, -1, 1, 0,#....
P35, 333.000000, -24.397000, 0.0, 0.0, 0.0, 0.0, 0.0, 0.0, 0.0, Right, UnKnown, UnKnown, 1, -1, 1, 0,#....
P36, 333.200000, -24.557000, 0.0, 0.0, 0.0, 0.0, 0.0, 0.0, 0.0, Right, UnKnown, UnKnown, 1, -1, 1, 0,#....
P37, 333.420000, -24.691000, 0.0, 0.0, 0.0, 0.0, 0.0, 0.0, 0.0, Right, UnKnown, UnKnown, 1, -1, 1, 0,#....
P38, 334.340000, -25.046000, 0.0, 0.0, 0.0, 0.0, 0.0, 0.0, 0.0, Right, UnKnown, UnKnown, 1, -1, 1, 0,#....
P39, 334.700000, -25.136000, 0.0, 0.0, 0.0, 0.0, 0.0, 0.0, 0.0, Right, UnKnown, UnKnown, 1, -1, 1, 0,#....
P40, 335.030000, -25.207000, 0.0, 0.0, 0.0, 0.0, 0.0, 0.0, 0.0, Right, UnKnown, UnKnown, 1, -1, 1, 0,#....
P41, 335.470000, -25.430000, 0.0, 0.0, 0.0, 0.0, 0.0, 0.0, 0.0, Right, UnKnown, UnKnown, 1, -1, 1, 0,#....
P42, 335.620000, -25.744000, 0.0, 0.0, 0.0, 0.0, 0.0, 0.0, 0.0, Right, UnKnown, UnKnown, 1, -1, 1, 0,#....
P43, 335.510000, -26.075000, 0.0, 0.0, 0.0, 0.0, 0.0, 0.0, 0.0, Right, UnKnown, UnKnown, 1, -1, 1, 0,#....
P44, 335.060000, -26.568000, 0.0, 0.0, 0.0, 0.0, 0.0, 0.0, 0.0, Right, UnKnown, UnKnown, 1, -1, 1, 0,#....
P45, 334.620000, -26.863000, 0.0, 0.0, 0.0, 0.0, 0.0, 0.0, 0.0, Right, UnKnown, UnKnown, 1, -1, 1, 0,#....
P46, 334.490000, -26.982000, 0.0, 0.0, 0.0, 0.0, 0.0, 0.0, 0.0, Right, UnKnown, UnKnown, 1, -1, 1, 0,#....
P47, 334.270000, -27.257000, 0.0, 0.0, 0.0, 0.0, 0.0, 0.0, 0.0, Right, UnKnown, UnKnown, 1, -1, 1, 0,#....
P48, 334.180000, -27.393000, 0.0, 0.0, 0.0, 0.0, 0.0, 0.0, 0.0, Right, UnKnown, UnKnown, 1, -1, 1, 0,#....
P49, 334.100000, -27.527000, 0.0, 0.0, 0.0, 0.0, 0.0, 0.0, 0.0, Right, UnKnown, UnKnown, 1, -1, 1, 0,#....
P50, 334.030000, -27.664000, 0.0, 0.0, 0.0, 0.0, 0.0, 0.0, 0.0, Right, UnKnown, UnKnown, 1, -1, 1, 0,#....
P51, 333.830000, -28.158000, 0.0, 0.0, 0.0, 0.0, 0.0, 0.0, 0.0, Right, UnKnown, UnKnown, 1, -1, 1, 0,#....
P52, 333.760000, -28.374000, 0.0, 0.0, 0.0, 0.0, 0.0, 0.0, 0.0, Right, UnKnown, UnKnown, 1, -1, 1, 0,#....
P53, 333.720000, -28.603000, 0.0, 0.0, 0.0, 0.0, 0.0, 0.0, 0.0, Right, UnKnown, UnKnown, 1, -1, 1, 0,#....
P54, 334.040000, -30.949000, 0.0, 0.0, 0.0, 0.0, 0.0, 0.0, 0.0, Right, UnKnown, UnKnown, 1, -1, 1, 0,#....
P55, 334.510000, -33.033000, 0.0, 0.0, 0.0, 0.0, 0.0, 0.0, 0.0, Right, UnKnown, UnKnown, 1, -1, 1, 0,#....
P56, 335.050000, -35.633000, 0.0, 0.0, 0.0, 0.0, 0.0, 0.0, 0.0, Right, UnKnown, UnKnown, 1, -1, 1, 0,#....
P57, 335.390000, -37.686000, 0.0, 0.0, 0.0, 0.0, 0.0, 0.0, 0.0, Right, UnKnown, UnKnown, 1, -1, 1, 0,#....
P58, 336.070000, -40.014000, 0.0, 0.0, 0.0, 0.0, 0.0, 0.0, 0.0, Right, UnKnown, UnKnown, 1, -1, 1, 0,#....
P59, 336.120000, -40.201000, 0.0, 0.0, 0.0, 0.0, 0.0, 0.0, 0.0, Right, UnKnown, UnKnown, 1, -1, 1, 0,#....
P60, 336.390000, -41.807000, 0.0, 0.0, 0.0, 0.0, 0.0, 0.0, 0.0, Right, UnKnown, UnKnown, 1, -1, 1, 0,#....
P61, 336.900000, -43.877000, 0.0, 0.0, 0.0, 0.0, 0.0, 0.0, 0.0, Right, UnKnown, UnKnown, 1, -1, 1, 0,#....
P62, 337.530000, -46.195000, 0.0, 0.0, 0.0, 0.0, 0.0, 0.0, 0.0, Right, UnKnown, UnKnown, 1, -1, 1, 0,#....
P63, 337.710000, -47.302000, 0.0, 0.0, 0.0, 0.0, 0.0, 0.0, 0.0, Right, UnKnown, UnKnown, 1, -1, 1, 0,#....
P64, 337.730000, -47.432000, 0.0, 0.0, 0.0, 0.0, 0.0, 0.0, 0.0, Right, UnKnown, UnKnown, 1, -1, 1, 0,#....
P65, 338.010000, -48.306000, 0.0, 0.0, 0.0, 0.0, 0.0, 0.0, 0.0, Right, UnKnown, UnKnown, 1, -1, 1, 0,#....
P66, 338.490000, -50.204000, 0.0, 0.0, 0.0, 0.0, 0.0, 0.0, 0.0, Right, UnKnown, UnKnown, 1, -1, 1, 0,#....
P67, 338.980000, -52.270000, 0.0, 0.0, 0.0, 0.0, 0.0, 0.0, 0.0, Right, UnKnown, UnKnown, 1, -1, 1, 0,#....
P68, 339.510000, -54.607000, 0.0, 0.0, 0.0, 0.0, 0.0, 0.0, 0.0, Right, UnKnown, UnKnown, 1, -1, 1, 0,#....
P69, 340.140000, -56.633000, 0.0, 0.0, 0.0, 0.0, 0.0, 0.0, 0.0, Right, UnKnown, UnKnown, 1, -1, 1, 0,#....
P70, 340.680000, -58.459000, 0.0, 0.0, 0.0, 0.0, 0.0, 0.0, 0.0, Right, UnKnown, UnKnown, 1, -1, 1, 0,#....
P71, 340.920000, -59.720000, 0.0, 0.0, 0.0, 0.0, 0.0, 0.0, 0.0, Right, UnKnown, UnKnown, 1, -1, 1, 0,#....
P72, 341.530000, -61.650000, 0.0, 0.0, 0.0, 0.0, 0.0, 0.0, 0.0, Right, UnKnown, UnKnown, 1, -1, 1, 0,#....
P73, 342.060000, -63.915000, 0.0, 0.0, 0.0, 0.0, 0.0, 0.0, 0.0, Right, UnKnown, UnKnown, 1, -1, 1, 0,#....
P74, 342.700000, -66.333000, 0.0, 0.0, 0.0, 0.0, 0.0, 0.0, 0.0, Right, UnKnown, UnKnown, 1, -1, 1, 0,#....
P75, 343.300000, -68.486000, 0.0, 0.0, 0.0, 0.0, 0.0, 0.0, 0.0, Right, UnKnown, UnKnown, 1, -1, 1, 0,#....
P76, 343.800000, -70.601000, 0.0, 0.0, 0.0, 0.0, 0.0, 0.0, 0.0, Right, UnKnown, UnKnown, 1, -1, 1, 0,#....
P77, 343.840000, -70.789000, 0.0, 0.0, 0.0, 0.0, 0.0, 0.0, 0.0, Right, UnKnown, UnKnown, 1, -1, 1, 0,#....
P78, 344.430000, -72.192000, 0.0, 0.0, 0.0, 0.0, 0.0, 0.0, 0.0, Right, UnKnown, UnKnown, 1, -1, 1, 0,#....
P79, 344.530000, -72.427000, 0.0, 0.0, 0.0, 0.0, 0.0, 0.0, 0.0, Right, UnKnown, UnKnown, 1, -1, 1, 0,#....
P80, 344.650000, -72.635000, 0.0, 0.0, 0.0, 0.0, 0.0, 0.0, 0.0, Right, UnKnown, UnKnown, 1, -1, 1, 0,#....
P81, 344.790000, -72.813000, 0.0, 0.0, 0.0, 0.0, 0.0, 0.0, 0.0, Right, UnKnown, UnKnown, 1, -1, 1, 0,#....
P82, 344.960000, -72.931000, 0.0, 0.0, 0.0, 0.0, 0.0, 0.0, 0.0, Right, UnKnown, UnKnown, 1, -1, 1, 0,#....
P83, 345.580000, -72.980000, 0.0, 0.0, 0.0, 0.0, 0.0, 0.0, 0.0, Right, UnKnown, UnKnown, 1, -1, 1, 0,#....
P84, 345.820000, -72.982000, 0.0, 0.0, 0.0, 0.0, 0.0, 0.0, 0.0, Right, UnKnown, UnKnown, 1, -1, 1, 0,#....
P85, 346.060000, -73.007000, 0.0, 0.0, 0.0, 0.0, 0.0, 0.0, 0.0, Right, UnKnown, UnKnown, 1, -1, 1, 0,#....
P86, 346.300000, -73.061000, 0.0, 0.0, 0.0, 0.0, 0.0, 0.0, 0.0, Right, UnKnown, UnKnown, 1, -1, 1, 0,#....
P87, 346.510000, -73.131000, 0.0, 0.0, 0.0, 0.0, 0.0, 0.0, 0.0, Right, UnKnown, UnKnown, 1, -1, 1, 0,#....
P88, 346.650000, -73.196000, 0.0, 0.0, 0.0, 0.0, 0.0, 0.0, 0.0, Right, UnKnown, UnKnown, 1, -1, 1, 0,#....
P89, 346.720000, -73.262000, 0.0, 0.0, 0.0, 0.0, 0.0, 0.0, 0.0, Right, UnKnown, UnKnown, 1, -1, 1, 0,#....
P90, 346.760000, -73.363000, 0.0, 0.0, 0.0, 0.0, 0.0, 0.0, 0.0, Right, UnKnown, UnKnown, 1, -1, 1, 0,#....
P91, 346.800000, -73.734000, 0.0, 0.0, 0.0, 0.0, 0.0, 0.0, 0.0, Right, UnKnown, UnKnown, 1, -1, 1, 0,#....
P92, 346.720000, -74.132000, 0.0, 0.0, 0.0, 0.0, 0.0, 0.0, 0.0, Right, UnKnown, UnKnown, 1, -1, 1, 0,#....
P93, 345.780000, -74.936000, 0.0, 0.0, 0.0, 0.0, 0.0, 0.0, 0.0, Right, UnKnown, UnKnown, 1, -1, 1, 0,#....
P94, 345.590000, -75.092000, 0.0, 0.0, 0.0, 0.0, 0.0, 0.0, 0.0, Right, UnKnown, UnKnown, 1, -1, 1, 0,#....
P95, 345.440000, -75.241000, 0.0, 0.0, 0.0, 0.0, 0.0, 0.0, 0.0, Right, UnKnown, UnKnown, 1, -1, 1, 0,#....
P96, 345.360000, -75.377000, 0.0, 0.0, 0.0, 0.0, 0.0, 0.0, 0.0, Right, UnKnown, UnKnown, 1, -1, 1, 0,#....
P97, 345.310000, -75.529000, 0.0, 0.0, 0.0, 0.0, 0.0, 0.0, 0.0, Right, UnKnown, UnKnown, 1, -1, 1, 0,#....
P98, 345.240000, -75.928000, 0.0, 0.0, 0.0, 0.0, 0.0, 0.0, 0.0, Right, UnKnown, UnKnown, 1, -1, 1, 0,#....
P99, 345.220000, -76.101000, 0.0, 0.0, 0.0, 0.0, 0.0, 0.0, 0.0, Right, UnKnown, UnKnown, 1, -1, 1, 0,#....
P100, 345.210000, -76.230000, 0.0, 0.0, 0.0, 0.0, 0.0, 0.0, 0.0, Right, UnKnown, UnKnown, 1, -1, 1, 0,#....
P101, 345.220000, -76.460000, 0.0, 0.0, 0.0, 0.0, 0.0, 0.0, 0.0, Right, UnKnown, UnKnown, 1, -1, 1, 0,#....
P102, 345.240000, -76.582000, 0.0, 0.0, 0.0, 0.0, 0.0, 0.0, 0.0, Right, UnKnown, UnKnown, 1, -1, 1, 0,#....
P103, 345.760000, -78.485000, 0.0, 0.0, 0.0, 0.0, 0.0, 0.0, 0.0, Right, UnKnown, UnKnown, 1, -1, 1, 0,#....
P104, 346.330000, -80.546000, 0.0, 0.0, 0.0, 0.0, 0.0, 0.0, 0.0, Right, UnKnown, UnKnown, 1, -1, 1, 0,#....
P105, 346.870000, -83.160000, 0.0, 0.0, 0.0, 0.0, 0.0, 0.0, 0.0, Right, UnKnown, UnKnown, 1, -1, 1, 0,#....
P106, 347.320000, -85.458000, 0.0, 0.0, 0.0, 0.0, 0.0, 0.0, 0.0, Right, UnKnown, UnKnown, 1, -1, 1, 0,#....
P107, 347.850000, -87.762000, 0.0, 0.0, 0.0, 0.0, 0.0, 0.0, 0.0, Right, UnKnown, UnKnown, 1, -1, 1, 0,#....
P108, 348.350000, -90.082000, 0.0, 0.0, 0.0, 0.0, 0.0, 0.0, 0.0, Right, UnKnown, UnKnown, 1, -1, 1, 0,#....
P109, 348.720000, -92.071000, 0.0, 0.0, 0.0, 0.0, 0.0, 0.0, 0.0, Right, UnKnown, UnKnown, 1, -1, 1, 0,#....
P110, 349.210000, -94.421000, 0.0, 0.0, 0.0, 0.0, 0.0, 0.0, 0.0, Right, UnKnown, UnKnown, 1, -1, 1, 0,#....
P111, 349.520000, -96.428000, 0.0, 0.0, 0.0, 0.0, 0.0, 0.0, 0.0, Right, UnKnown, UnKnown, 1, -1, 1, 0,#....
P112, 349.830000, -98.472000, 0.0, 0.0, 0.0, 0.0, 0.0, 0.0, 0.0, Right, UnKnown, UnKnown, 1, -1, 1, 0,#....
P113, 350.360000, -100.470000, 0.0, 0.0, 0.0, 0.0, 0.0, 0.0, 0.0, Right, UnKnown, UnKnown, 1, -1, 1, 0,#....
P114, 350.730000, -101.770000, 0.0, 0.0, 0.0, 0.0, 0.0, 0.0, 0.0, Right, UnKnown, UnKnown, 1, -1, 1, 0,#....
P115, 351.080000, -104.000000, 0.0, 0.0, 0.0, 0.0, 0.0, 0.0, 0.0, Right, UnKnown, UnKnown, 1, -1, 1, 0,#....
P116, 351.380000, -105.930000, 0.0, 0.0, 0.0, 0.0, 0.0, 0.0, 0.0, Right, UnKnown, UnKnown, 1, -1, 1, 0,#....
P117, 351.610000, -108.110000, 0.0, 0.0, 0.0, 0.0, 0.0, 0.0, 0.0, Right, UnKnown, UnKnown, 1, -1, 1, 0,#....
P118, 351.590000, -110.130000, 0.0, 0.0, 0.0, 0.0, 0.0, 0.0, 0.0, Right, UnKnown, UnKnown, 1, -1, 1, 0,#....
P119, 351.610000, -112.140000, 0.0, 0.0, 0.0, 0.0, 0.0, 0.0, 0.0, Right, UnKnown, UnKnown, 1, -1, 1, 0,#....
P120, 351.600000, -112.420000, 0.0, 0.0, 0.0, 0.0, 0.0, 0.0, 0.0, Right, UnKnown, UnKnown, 1, -1, 1, 0,#....
P121, 351.570000, -113.000000, 0.0, 0.0, 0.0, 0.0, 0.0, 0.0, 0.0, Right, UnKnown, UnKnown, 1, -1, 1, 0,#....
P122, 351.570000, -113.120000, 0.0, 0.0, 0.0, 0.0, 0.0, 0.0, 0.0, Right, UnKnown, UnKnown, 1, -1, 1, 0,#....
P123, 351.570000, -113.240000, 0.0, 0.0, 0.0, 0.0, 0.0, 0.0, 0.0, Right, UnKnown, UnKnown, 1, -1, 1, 0,#....
P124, 351.320000, -115.170000, 0.0, 0.0, 0.0, 0.0, 0.0, 0.0, 0.0, Right, UnKnown, UnKnown, 1, -1, 1, 0,#....
P125, 351.020000, -117.430000, 0.0, 0.0, 0.0, 0.0, 0.0, 0.0, 0.0, Right, UnKnown, UnKnown, 1, -1, 1, 0,#....
P126, 350.530000, -119.830000, 0.0, 0.0, 0.0, 0.0, 0.0, 0.0, 0.0, Right, UnKnown, UnKnown, 1, -1, 1, 0,#....
P127, 350.270000, -120.560000, 0.0, 0.0, 0.0, 0.0, 0.0, 0.0, 0.0, Right, UnKnown, UnKnown, 1, -1, 1, 0,#....
P128, 349.550000, -122.690000, 0.0, 0.0, 0.0, 0.0, 0.0, 0.0, 0.0, Right, UnKnown, UnKnown, 1, -1, 1, 0,#....
P129, 348.710000, -124.740000, 0.0, 0.0, 0.0, 0.0, 0.0, 0.0, 0.0, Right, UnKnown, UnKnown, 1, -1, 1, 0,#....
P130, 347.560000, -127.030000, 0.0, 0.0, 0.0, 0.0, 0.0, 0.0, 0.0, Right, UnKnown, UnKnown, 1, -1, 1, 0,#....
P131, 346.340000, -128.820000, 0.0, 0.0, 0.0, 0.0, 0.0, 0.0, 0.0, Right, UnKnown, UnKnown, 1, -1, 1, 0,#....
P132, 346.050000, -129.190000, 0.0, 0.0, 0.0, 0.0, 0.0, 0.0, 0.0, Right, UnKnown, UnKnown, 1, -1, 1, 0,#....
P133, 344.850000, -130.520000, 0.0, 0.0, 0.0, 0.0, 0.0, 0.0, 0.0, Right, UnKnown, UnKnown, 1, -1, 1, 0,#....
P134, 343.500000, -132.140000, 0.0, 0.0, 0.0, 0.0, 0.0, 0.0, 0.0, Right, UnKnown, UnKnown, 1, -1, 1, 0,#....
P135, 343.370000, -132.280000, 0.0, 0.0, 0.0, 0.0, 0.0, 0.0, 0.0, Right, UnKnown, UnKnown, 1, -1, 1, 0,#....
P136, 341.740000, -133.790000, 0.0, 0.0, 0.0, 0.0, 0.0, 0.0, 0.0, Right, UnKnown, UnKnown, 1, -1, 1, 0,#....
P137, 340.600000, -134.660000, 0.0, 0.0, 0.0, 0.0, 0.0, 0.0, 0.0, Right, UnKnown, UnKnown, 1, -1, 1, 0,#....
P138, 339.280000, -135.740000, 0.0, 0.0, 0.0, 0.0, 0.0, 0.0, 0.0, Right, UnKnown, UnKnown, 1, -1, 1, 0,#....
P139, 336.940000, -137.060000, 0.0, 0.0, 0.0, 0.0, 0.0, 0.0, 0.0, Right, UnKnown, UnKnown, 1, -1, 1, 0,#....
P140, 334.550000, -138.190000, 0.0, 0.0, 0.0, 0.0, 0.0, 0.0, 0.0, Right, UnKnown, UnKnown, 1, -1, 1, 0,#....
P141, 332.470000, -139.040000, 0.0, 0.0, 0.0, 0.0, 0.0, 0.0, 0.0, Right, UnKnown, UnKnown, 1, -1, 1, 0,#....
P142, 330.400000, -139.590000, 0.0, 0.0, 0.0, 0.0, 0.0, 0.0, 0.0, Right, UnKnown, UnKnown, 1, -1, 1, 0,#....
P143, 328.680000, -140.270000, 0.0, 0.0, 0.0, 0.0, 0.0, 0.0, 0.0, Right, UnKnown, UnKnown, 1, -1, 1, 0,#....
P144, 328.500000, -140.380000, 0.0, 0.0, 0.0, 0.0, 0.0, 0.0, 0.0, Right, UnKnown, UnKnown, 1, -1, 1, 0,#....
P145, 327.740000, -141.080000, 0.0, 0.0, 0.0, 0.0, 0.0, 0.0, 0.0, Right, UnKnown, UnKnown, 1, -1, 1, 0,#....
P146, 327.390000, -141.430000, 0.0, 0.0, 0.0, 0.0, 0.0, 0.0, 0.0, Right, UnKnown, UnKnown, 1, -1, 1, 0,#....
P147, 327.130000, -141.320000, 0.0, 0.0, 0.0, 0.0, 0.0, 0.0, 0.0, Right, UnKnown, UnKnown, 1, -1, 1, 0,#....
P148, 326.340000, -140.850000, 0.0, 0.0, 0.0, 0.0, 0.0, 0.0, 0.0, Right, UnKnown, UnKnown, 1, -1, 1, 0,#....
P149, 326.220000, -140.770000, 0.0, 0.0, 0.0, 0.0, 0.0, 0.0, 0.0, Right, UnKnown, UnKnown, 1, -1, 1, 0,#....
P150, 325.270000, -140.340000, 0.0, 0.0, 0.0, 0.0, 0.0, 0.0, 0.0, Right, UnKnown, UnKnown, 1, -1, 1, 0,#....
P151, 325.130000, -140.300000, 0.0, 0.0, 0.0, 0.0, 0.0, 0.0, 0.0, Right, UnKnown, UnKnown, 1, -1, 1, 0,#....
P152, 322.780000, -140.280000, 0.0, 0.0, 0.0, 0.0, 0.0, 0.0, 0.0, Right, UnKnown, UnKnown, 1, -1, 1, 0,#....
P153, 322.130000, -140.300000, 0.0, 0.0, 0.0, 0.0, 0.0, 0.0, 0.0, Right, UnKnown, UnKnown, 1, -1, 1, 0,#....
P154, 319.990000, -139.970000, 0.0, 0.0, 0.0, 0.0, 0.0, 0.0, 0.0, Right, UnKnown, UnKnown, 1, -1, 1, 0,#....
P155, 317.990000, -139.480000, 0.0, 0.0, 0.0, 0.0, 0.0, 0.0, 0.0, Right, UnKnown, UnKnown, 1, -1, 1, 0,#....
P156, 315.780000, -138.660000, 0.0, 0.0, 0.0, 0.0, 0.0, 0.0, 0.0, Right, UnKnown, UnKnown, 1, -1, 1, 0,#....
P157, 313.840000, -137.980000, 0.0, 0.0, 0.0, 0.0, 0.0, 0.0, 0.0, Right, UnKnown, UnKnown, 1, -1, 1, 0,#....
P158, 311.460000, -136.770000, 0.0, 0.0, 0.0, 0.0, 0.0, 0.0, 0.0, Right, UnKnown, UnKnown, 1, -1, 1, 0,#....
P159, 309.440000, -135.490000, 0.0, 0.0, 0.0, 0.0, 0.0, 0.0, 0.0, Right, UnKnown, UnKnown, 1, -1, 1, 0,#....
P160, 308.240000, -134.700000, 0.0, 0.0, 0.0, 0.0, 0.0, 0.0, 0.0, Right, UnKnown, UnKnown, 1, -1, 1, 0,#....
P161, 308.120000, -134.610000, 0.0, 0.0, 0.0, 0.0, 0.0, 0.0, 0.0, Right, UnKnown, UnKnown, 1, -1, 1, 0,#....
P162, 306.590000, -133.380000, 0.0, 0.0, 0.0, 0.0, 0.0, 0.0, 0.0, Right, UnKnown, UnKnown, 1, -1, 1, 0,#....
P163, 305.090000, -131.910000, 0.0, 0.0, 0.0, 0.0, 0.0, 0.0, 0.0, Right, UnKnown, UnKnown, 1, -1, 1, 0,#....
P164, 303.590000, -130.260000, 0.0, 0.0, 0.0, 0.0, 0.0, 0.0, 0.0, Right, UnKnown, UnKnown, 1, -1, 1, 0,#....
P165, 302.310000, -128.310000, 0.0, 0.0, 0.0, 0.0, 0.0, 0.0, 0.0, Right, UnKnown, UnKnown, 1, -1, 1, 0,#....
P166, 300.990000, -125.880000, 0.0, 0.0, 0.0, 0.0, 0.0, 0.0, 0.0, Right, UnKnown, UnKnown, 1, -1, 1, 0,#....
P167, 300.360000, -125.190000, 0.0, 0.0, 0.0, 0.0, 0.0, 0.0, 0.0, Right, UnKnown, UnKnown, 1, -1, 1, 0,#....
P168, 300.220000, -125.040000, 0.0, 0.0, 0.0, 0.0, 0.0, 0.0, 0.0, Right, UnKnown, UnKnown, 1, -1, 1, 0,#....
P169, 299.150000, -122.940000, 0.0, 0.0, 0.0, 0.0, 0.0, 0.0, 0.0, Right, UnKnown, UnKnown, 1, -1, 1, 0,#....
P170, 298.320000, -121.050000, 0.0, 0.0, 0.0, 0.0, 0.0, 0.0, 0.0, Right, UnKnown, UnKnown, 1, -1, 1, 0,#....
P171, 297.490000, -119.000000, 0.0, 0.0, 0.0, 0.0, 0.0, 0.0, 0.0, Right, UnKnown, UnKnown, 1, -1, 1, 0,#....
P172, 296.950000, -117.010000, 0.0, 0.0, 0.0, 0.0, 0.0, 0.0, 0.0, Right, UnKnown, UnKnown, 1, -1, 1, 0,#....
P173, 296.460000, -115.060000, 0.0, 0.0, 0.0, 0.0, 0.0, 0.0, 0.0, Right, UnKnown, UnKnown, 1, -1, 1, 0,#....
P174, 295.880000, -112.540000, 0.0, 0.0, 0.0, 0.0, 0.0, 0.0, 0.0, Right, UnKnown, UnKnown, 1, -1, 1, 0,#....
P175, 295.280000, -110.110000, 0.0, 0.0, 0.0, 0.0, 0.0, 0.0, 0.0, Right, UnKnown, UnKnown, 1, -1, 1, 0,#....
P176, 294.880000, -107.820000, 0.0, 0.0, 0.0, 0.0, 0.0, 0.0, 0.0, Right, UnKnown, UnKnown, 1, -1, 1, 0,#....
P177, 294.400000, -105.300000, 0.0, 0.0, 0.0, 0.0, 0.0, 0.0, 0.0, Right, UnKnown, UnKnown, 1, -1, 1, 0,#....
P178, 293.970000, -102.840000, 0.0, 0.0, 0.0, 0.0, 0.0, 0.0, 0.0, Right, UnKnown, UnKnown, 1, -1, 1, 0,#....
P179, 293.710000, -100.860000, 0.0, 0.0, 0.0, 0.0, 0.0, 0.0, 0.0, Right, UnKnown, UnKnown, 1, -1, 1, 0,#....
P180, 293.370000, -99.084000, 0.0, 0.0, 0.0, 0.0, 0.0, 0.0, 0.0, Right, UnKnown, UnKnown, 1, -1, 1, 0,#....
P181, 293.250000, -98.529000, 0.0, 0.0, 0.0, 0.0, 0.0, 0.0, 0.0, Right, UnKnown, UnKnown, 1, -1, 1, 0,#....
P182, 292.890000, -96.653000, 0.0, 0.0, 0.0, 0.0, 0.0, 0.0, 0.0, Right, UnKnown, UnKnown, 1, -1, 1, 0,#....
P183, 292.460000, -94.789000, 0.0, 0.0, 0.0, 0.0, 0.0, 0.0, 0.0, Right, UnKnown, UnKnown, 1, -1, 1, 0,#....
P184, 292.050000, -92.735000, 0.0, 0.0, 0.0, 0.0, 0.0, 0.0, 0.0, Right, UnKnown, UnKnown, 1, -1, 1, 0,#....
P185, 291.810000, -90.749000, 0.0, 0.0, 0.0, 0.0, 0.0, 0.0, 0.0, Right, UnKnown, UnKnown, 1, -1, 1, 0,#....
P186, 291.540000, -88.852000, 0.0, 0.0, 0.0, 0.0, 0.0, 0.0, 0.0, Right, UnKnown, UnKnown, 1, -1, 1, 0,#....
P187, 291.130000, -86.366000, 0.0, 0.0, 0.0, 0.0, 0.0, 0.0, 0.0, Right, UnKnown, UnKnown, 1, -1, 1, 0,#....
P188, 290.930000, -85.681000, 0.0, 0.0, 0.0, 0.0, 0.0, 0.0, 0.0, Right, UnKnown, UnKnown, 1, -1, 1, 0,#....
P189, 290.850000, -85.483000, 0.0, 0.0, 0.0, 0.0, 0.0, 0.0, 0.0, Right, UnKnown, UnKnown, 1, -1, 1, 0,#....
P190, 290.770000, -85.323000, 0.0, 0.0, 0.0, 0.0, 0.0, 0.0, 0.0, Right, UnKnown, UnKnown, 1, -1, 1, 0,#....
P191, 290.570000, -85.016000, 0.0, 0.0, 0.0, 0.0, 0.0, 0.0, 0.0, Right, UnKnown, UnKnown, 1, -1, 1, 0,#....
P192, 290.260000, -84.699000, 0.0, 0.0, 0.0, 0.0, 0.0, 0.0, 0.0, Right, UnKnown, UnKnown, 1, -1, 1, 0,#....
P193, 289.560000, -84.267000, 0.0, 0.0, 0.0, 0.0, 0.0, 0.0, 0.0, Right, UnKnown, UnKnown, 1, -1, 1, 0,#....
P194, 289.400000, -84.181000, 0.0, 0.0, 0.0, 0.0, 0.0, 0.0, 0.0, Right, UnKnown, UnKnown, 1, -1, 1, 0,#....
P195, 289.250000, -84.008000, 0.0, 0.0, 0.0, 0.0, 0.0, 0.0, 0.0, Right, UnKnown, UnKnown, 1, -1, 1, 0,#....
P196, 289.660000, -83.386000, 0.0, 0.0, 0.0, 0.0, 0.0, 0.0, 0.0, Right, UnKnown, UnKnown, 1, -1, 1, 0,#....
P197, 289.820000, -83.122000, 0.0, 0.0, 0.0, 0.0, 0.0, 0.0, 0.0, Right, UnKnown, UnKnown, 1, -1, 1, 0,#....
P198, 289.990000, -82.910000, 0.0, 0.0, 0.0, 0.0, 0.0, 0.0, 0.0, Right, UnKnown, UnKnown, 1, -1, 1, 0,#....
P199, 290.180000, -82.608000, 0.0, 0.0, 0.0, 0.0, 0.0, 0.0, 0.0, Right, UnKnown, UnKnown, 1, -1, 1, 0,#....
P200, 290.270000, -82.482000, 0.0, 0.0, 0.0, 0.0, 0.0, 0.0, 0.0, Right, UnKnown, UnKnown, 1, -1, 1, 0,#....
P201, 290.350000, -82.355000, 0.0, 0.0, 0.0, 0.0, 0.0, 0.0, 0.0, Right, UnKnown, UnKnown, 1, -1, 1, 0,#....
P202, 290.410000, -82.216000, 0.0, 0.0, 0.0, 0.0, 0.0, 0.0, 0.0, Right, UnKnown, UnKnown, 1, -1, 1, 0,#....
P203, 290.530000, -81.851000, 0.0, 0.0, 0.0, 0.0, 0.0, 0.0, 0.0, Right, UnKnown, UnKnown, 1, -1, 1, 0,#....
P204, 290.580000, -81.675000, 0.0, 0.0, 0.0, 0.0, 0.0, 0.0, 0.0, Right, UnKnown, UnKnown, 1, -1, 1, 0,#....
P205, 290.610000, -81.304000, 0.0, 0.0, 0.0, 0.0, 0.0, 0.0, 0.0, Right, UnKnown, UnKnown, 1, -1, 1, 0,#....
P206, 290.620000, -81.196000, 0.0, 0.0, 0.0, 0.0, 0.0, 0.0, 0.0, Right, UnKnown, UnKnown, 1, -1, 1, 0,#....
P207, 290.380000, -79.373000, 0.0, 0.0, 0.0, 0.0, 0.0, 0.0, 0.0, Right, UnKnown, UnKnown, 1, -1, 1, 0,#....
P208, 289.980000, -77.171000, 0.0, 0.0, 0.0, 0.0, 0.0, 0.0, 0.0, Right, UnKnown, UnKnown, 1, -1, 1, 0,#....
P209, 289.540000, -75.079000, 0.0, 0.0, 0.0, 0.0, 0.0, 0.0, 0.0, Right, UnKnown, UnKnown, 1, -1, 1, 0,#....
P210, 289.140000, -72.725000, 0.0, 0.0, 0.0, 0.0, 0.0, 0.0, 0.0, Right, UnKnown, UnKnown, 1, -1, 1, 0,#....
P211, 288.970000, -70.783000, 0.0, 0.0, 0.0, 0.0, 0.0, 0.0, 0.0, Right, UnKnown, UnKnown, 1, -1, 1, 0,#....
P212, 288.960000, -70.663000, 0.0, 0.0, 0.0, 0.0, 0.0, 0.0, 0.0, Right, UnKnown, UnKnown, 1, -1, 1, 0,#....
P213, 288.640000, -68.351000, 0.0, 0.0, 0.0, 0.0, 0.0, 0.0, 0.0, Right, UnKnown, UnKnown, 1, -1, 1, 0,#....
P214, 288.120000, -65.829000, 0.0, 0.0, 0.0, 0.0, 0.0, 0.0, 0.0, Right, UnKnown, UnKnown, 1, -1, 1, 0,#....
P215, 287.780000, -63.582000, 0.0, 0.0, 0.0, 0.0, 0.0, 0.0, 0.0, Right, UnKnown, UnKnown, 1, -1, 1, 0,#....
P216, 287.540000, -61.890000, 0.0, 0.0, 0.0, 0.0, 0.0, 0.0, 0.0, Right, UnKnown, UnKnown, 1, -1, 1, 0,#....
P217, 287.330000, -60.709000, 0.0, 0.0, 0.0, 0.0, 0.0, 0.0, 0.0, Right, UnKnown, UnKnown, 1, -1, 1, 0,#....
P218, 287.000000, -59.668000, 0.0, 0.0, 0.0, 0.0, 0.0, 0.0, 0.0, Right, UnKnown, UnKnown, 1, -1, 1, 0,#....
P219, 286.790000, -58.006000, 0.0, 0.0, 0.0, 0.0, 0.0, 0.0, 0.0, Right, UnKnown, UnKnown, 1, -1, 1, 0,#....
P220, 286.490000, -56.145000, 0.0, 0.0, 0.0, 0.0, 0.0, 0.0, 0.0, Right, UnKnown, UnKnown, 1, -1, 1, 0,#....
P221, 286.080000, -54.064000, 0.0, 0.0, 0.0, 0.0, 0.0, 0.0, 0.0, Right, UnKnown, UnKnown, 1, -1, 1, 0,#....
P222, 285.740000, -52.069000, 0.0, 0.0, 0.0, 0.0, 0.0, 0.0, 0.0, Right, UnKnown, UnKnown, 1, -1, 1, 0,#....
P223, 285.470000, -49.731000, 0.0, 0.0, 0.0, 0.0, 0.0, 0.0, 0.0, Right, UnKnown, UnKnown, 1, -1, 1, 0,#....
P224, 285.160000, -47.565000, 0.0, 0.0, 0.0, 0.0, 0.0, 0.0, 0.0, Right, UnKnown, UnKnown, 1, -1, 1, 0,#....
P225, 284.950000, -46.521000, 0.0, 0.0, 0.0, 0.0, 0.0, 0.0, 0.0, Right, UnKnown, UnKnown, 1, -1, 1, 0,#....
P226, 284.700000, -45.646000, 0.0, 0.0, 0.0, 0.0, 0.0, 0.0, 0.0, Right, UnKnown, UnKnown, 1, -1, 1, 0,#....
P227, 284.440000, -43.755000, 0.0, 0.0, 0.0, 0.0, 0.0, 0.0, 0.0, Right, UnKnown, UnKnown, 1, -1, 1, 0,#....
P228, 284.160000, -41.760000, 0.0, 0.0, 0.0, 0.0, 0.0, 0.0, 0.0, Right, UnKnown, UnKnown, 1, -1, 1, 0,#....
P229, 283.660000, -39.843000, 0.0, 0.0, 0.0, 0.0, 0.0, 0.0, 0.0, Right, UnKnown, UnKnown, 1, -1, 1, 0,#....
P230, 283.620000, -39.651000, 0.0, 0.0, 0.0, 0.0, 0.0, 0.0, 0.0, Right, UnKnown, UnKnown, 1, -1, 1, 0,#....
P231, 283.520000, -38.298000, 0.0, 0.0, 0.0, 0.0, 0.0, 0.0, 0.0, Right, UnKnown, UnKnown, 1, -1, 1, 0,#....
P232, 283.460000, -37.234000, 0.0, 0.0, 0.0, 0.0, 0.0, 0.0, 0.0, Right, UnKnown, UnKnown, 1, -1, 1, 0,#....
P233, 283.460000, -37.112000, 0.0, 0.0, 0.0, 0.0, 0.0, 0.0, 0.0, Right, UnKnown, UnKnown, 1, -1, 1, 0,#....
P234, 283.450000, -36.992000, 0.0, 0.0, 0.0, 0.0, 0.0, 0.0, 0.0, Right, UnKnown, UnKnown, 1, -1, 1, 0,#....
P235, 283.430000, -36.867000, 0.0, 0.0, 0.0, 0.0, 0.0, 0.0, 0.0, Right, UnKnown, UnKnown, 1, -1, 1, 0,#....
P236, 283.380000, -36.721000, 0.0, 0.0, 0.0, 0.0, 0.0, 0.0, 0.0, Right, UnKnown, UnKnown, 1, -1, 1, 0,#....
P237, 282.800000, -35.649000, 0.0, 0.0, 0.0, 0.0, 0.0, 0.0, 0.0, Right, UnKnown, UnKnown, 1, -1, 1, 0,#....
P238, 282.270000, -33.448000, 0.0, 0.0, 0.0, 0.0, 0.0, 0.0, 0.0, Right, UnKnown, UnKnown, 1, -1, 1, 0,#....
P239, 281.870000, -31.194000, 0.0, 0.0, 0.0, 0.0, 0.0, 0.0, 0.0, Right, UnKnown, UnKnown, 1, -1, 1, 0,#....
P240, 281.730000, -30.176000, 0.0, 0.0, 0.0, 0.0, 0.0, 0.0, 0.0, Right, UnKnown, UnKnown, 1, -1, 1, 0,#....
P241, 281.180000, -27.852000, 0.0, 0.0, 0.0, 0.0, 0.0, 0.0, 0.0, Right, UnKnown, UnKnown, 1, -1, 1, 0,#....
P242, 280.820000, -25.646000, 0.0, 0.0, 0.0, 0.0, 0.0, 0.0, 0.0, Right, UnKnown, UnKnown, 1, -1, 1, 0,#....
P243, 280.390000, -23.393000, 0.0, 0.0, 0.0, 0.0, 0.0, 0.0, 0.0, Right, UnKnown, UnKnown, 1, -1, 1, 0,#....
P244, 280.030000, -21.818000, 0.0, 0.0, 0.0, 0.0, 0.0, 0.0, 0.0, Right, UnKnown, UnKnown, 1, -1, 1, 0,#....
P245, 280.010000, -21.662000, 0.0, 0.0, 0.0, 0.0, 0.0, 0.0, 0.0, Right, UnKnown, UnKnown, 1, -1, 1, 0,#....
P246, 280.000000, -21.540000, 0.0, 0.0, 0.0, 0.0, 0.0, 0.0, 0.0, Right, UnKnown, UnKnown, 1, -1, 1, 0,#....
P247, 279.560000, -19.390000, 0.0, 0.0, 0.0, 0.0, 0.0, 0.0, 0.0, Right, UnKnown, UnKnown, 1, -1, 1, 0,#....
P248, 279.040000, -17.153000, 0.0, 0.0, 0.0, 0.0, 0.0, 0.0, 0.0, Right, UnKnown, UnKnown, 1, -1, 1, 0,#....
P249, 278.700000, -15.109000, 0.0, 0.0, 0.0, 0.0, 0.0, 0.0, 0.0, Right, UnKnown, UnKnown, 1, -1, 1, 0,#....
P250, 278.420000, -13.233000, 0.0, 0.0, 0.0, 0.0, 0.0, 0.0, 0.0, Right, UnKnown, UnKnown, 1, -1, 1, 0,#....
P251, 277.920000, -10.870000, 0.0, 0.0, 0.0, 0.0, 0.0, 0.0, 0.0, Right, UnKnown, UnKnown, 1, -1, 1, 0,#....
P252, 277.320000, -8.708000, 0.0, 0.0, 0.0, 0.0, 0.0, 0.0, 0.0, Right, UnKnown, UnKnown, 1, -1, 1, 0,#....
P253, 276.800000, -6.670000, 0.0, 0.0, 0.0, 0.0, 0.0, 0.0, 0.0, Right, UnKnown, UnKnown, 1, -1, 1, 0,#....
P254, 276.360000, -4.962000, 0.0, 0.0, 0.0, 0.0, 0.0, 0.0, 0.0, Right, UnKnown, UnKnown, 1, -1, 1, 0,#....
P255, 275.880000, -2.727000, 0.0, 0.0, 0.0, 0.0, 0.0, 0.0, 0.0, Right, UnKnown, UnKnown, 1, -1, 1, 0,#....
P256, 275.590000, -1.254000, 0.0, 0.0, 0.0, 0.0, 0.0, 0.0, 0.0, Right, UnKnown, UnKnown, 1, -1, 1, 0,#....
P257, 274.850000, 1.034000, 0.0, 0.0, 0.0, 0.0, 0.0, 0.0, 0.0, Right, UnKnown, UnKnown, 1, -1, 1, 0,#....
P258, 274.370000, 3.096000, 0.0, 0.0, 0.0, 0.0, 0.0, 0.0, 0.0, Right, UnKnown, UnKnown, 1, -1, 1, 0,#....
P259, 273.730000, 5.477000, 0.0, 0.0, 0.0, 0.0, 0.0, 0.0, 0.0, Right, UnKnown, UnKnown, 1, -1, 1, 0,#....
P260, 273.360000, 7.434000, 0.0, 0.0, 0.0, 0.0, 0.0, 0.0, 0.0, Right, UnKnown, UnKnown, 1, -1, 1, 0,#....
P261, 272.760000, 9.629000, 0.0, 0.0, 0.0, 0.0, 0.0, 0.0, 0.0, Right, UnKnown, UnKnown, 1, -1, 1, 0,#....
P262, 272.150000, 12.137000, 0.0, 0.0, 0.0, 0.0, 0.0, 0.0, 0.0, Right, UnKnown, UnKnown, 1, -1, 1, 0,#....
P263, 271.710000, 13.975000, 0.0, 0.0, 0.0, 0.0, 0.0, 0.0, 0.0, Right, UnKnown, UnKnown, 1, -1, 1, 0,#....
P264, 271.660000, 14.169000, 0.0, 0.0, 0.0, 0.0, 0.0, 0.0, 0.0, Right, UnKnown, UnKnown, 1, -1, 1, 0,#....
P265, 271.280000, 15.033000, 0.0, 0.0, 0.0, 0.0, 0.0, 0.0, 0.0, Right, UnKnown, UnKnown, 1, -1, 1, 0,#....
P266, 271.150000, 15.249000, 0.0, 0.0, 0.0, 0.0, 0.0, 0.0, 0.0, Right, UnKnown, UnKnown, 1, -1, 1, 0,#....
P267, 271.000000, 15.449000, 0.0, 0.0, 0.0, 0.0, 0.0, 0.0, 0.0, Right, UnKnown, UnKnown, 1, -1, 1, 0,#....
P268, 270.830000, 15.626000, 0.0, 0.0, 0.0, 0.0, 0.0, 0.0, 0.0, Right, UnKnown, UnKnown, 1, -1, 1, 0,#....
P269, 269.820000, 16.259000, 0.0, 0.0, 0.0, 0.0, 0.0, 0.0, 0.0, Right, UnKnown, UnKnown, 1, -1, 1, 0,#....
P270, 269.750000, 16.298000, 0.0, 0.0, 0.0, 0.0, 0.0, 0.0, 0.0, Right, UnKnown, UnKnown, 1, -1, 1, 0,#....
P271, 269.680000, 16.350000, 0.0, 0.0, 0.0, 0.0, 0.0, 0.0, 0.0, Right, UnKnown, UnKnown, 1, -1, 1, 0,#....
P272, 269.620000, 16.412000, 0.0, 0.0, 0.0, 0.0, 0.0, 0.0, 0.0, Right, UnKnown, UnKnown, 1, -1, 1, 0,#....
P273, 269.560000, 16.484000, 0.0, 0.0, 0.0, 0.0, 0.0, 0.0, 0.0, Right, UnKnown, UnKnown, 1, -1, 1, 0,#....
P274, 269.520000, 16.562000, 0.0, 0.0, 0.0, 0.0, 0.0, 0.0, 0.0, Right, UnKnown, UnKnown, 1, -1, 1, 0,#....
P275, 269.500000, 16.645000, 0.0, 0.0, 0.0, 0.0, 0.0, 0.0, 0.0, Right, UnKnown, UnKnown, 1, -1, 1, 0,#....
P276, 269.480000, 16.732000, 0.0, 0.0, 0.0, 0.0, 0.0, 0.0, 0.0, Right, UnKnown, UnKnown, 1, -1, 1, 0,#....
P277, 269.480000, 16.820000, 0.0, 0.0, 0.0, 0.0, 0.0, 0.0, 0.0, Right, UnKnown, UnKnown, 1, -1, 1, 0,#....
P278, 269.500000, 16.907000, 0.0, 0.0, 0.0, 0.0, 0.0, 0.0, 0.0, Right, UnKnown, UnKnown, 1, -1, 1, 0,#....
P279, 269.520000, 16.991000, 0.0, 0.0, 0.0, 0.0, 0.0, 0.0, 0.0, Right, UnKnown, UnKnown, 1, -1, 1, 0,#....
P280, 269.560000, 17.070000, 0.0, 0.0, 0.0, 0.0, 0.0, 0.0, 0.0, Right, UnKnown, UnKnown, 1, -1, 1, 0,#....
P281, 269.610000, 17.142000, 0.0, 0.0, 0.0, 0.0, 0.0, 0.0, 0.0, Right, UnKnown, UnKnown, 1, -1, 1, 0,#....
P282, 269.670000, 17.205000, 0.0, 0.0, 0.0, 0.0, 0.0, 0.0, 0.0, Right, UnKnown, UnKnown, 1, -1, 1, 0,#....
P283, 269.740000, 17.259000, 0.0, 0.0, 0.0, 0.0, 0.0, 0.0, 0.0, Right, UnKnown, UnKnown, 1, -1, 1, 0,#....
P284, 269.780000, 17.301000, 0.0, 0.0, 0.0, 0.0, 0.0, 0.0, 0.0, Right, UnKnown, UnKnown, 1, -1, 1, 0,#....
P285, 270.040000, 17.652000, 0.0, 0.0, 0.0, 0.0, 0.0, 0.0, 0.0, Right, UnKnown, UnKnown, 1, -1, 1, 0,#....
P286, 270.120000, 17.759000, 0.0, 0.0, 0.0, 0.0, 0.0, 0.0, 0.0, Right, UnKnown, UnKnown, 1, -1, 1, 0,#....
P287, 270.190000, 17.858000, 0.0, 0.0, 0.0, 0.0, 0.0, 0.0, 0.0, Right, UnKnown, UnKnown, 1, -1, 1, 0,#....
P288, 270.260000, 17.977000, 0.0, 0.0, 0.0, 0.0, 0.0, 0.0, 0.0, Right, UnKnown, UnKnown, 1, -1, 1, 0,#....
P289, 270.330000, 18.111000, 0.0, 0.0, 0.0, 0.0, 0.0, 0.0, 0.0, Right, UnKnown, UnKnown, 1, -1, 1, 0,#....
P290, 270.380000, 18.239000, 0.0, 0.0, 0.0, 0.0, 0.0, 0.0, 0.0, Right, UnKnown, UnKnown, 1, -1, 1, 0,#....
P291, 270.410000, 18.355000, 0.0, 0.0, 0.0, 0.0, 0.0, 0.0, 0.0, Right, UnKnown, UnKnown, 1, -1, 1, 0,#....
P292, 270.430000, 18.464000, 0.0, 0.0, 0.0, 0.0, 0.0, 0.0, 0.0, Right, UnKnown, UnKnown, 1, -1, 1, 0,#....
P293, 270.440000, 18.573000, 0.0, 0.0, 0.0, 0.0, 0.0, 0.0, 0.0, Right, UnKnown, UnKnown, 1, -1, 1, 0,#....
P294, 270.090000, 20.729000, 0.0, 0.0, 0.0, 0.0, 0.0, 0.0, 0.0, Right, UnKnown, UnKnown, 1, -1, 1, 0,#....
P295, 269.750000, 22.857000, 0.0, 0.0, 0.0, 0.0, 0.0, 0.0, 0.0, Right, UnKnown, UnKnown, 1, -1, 1, 0,#....
P296, 269.360000, 24.579000, 0.0, 0.0, 0.0, 0.0, 0.0, 0.0, 0.0, Right, UnKnown, UnKnown, 1, -1, 1, 0,#....
P297, 268.970000, 26.791000, 0.0, 0.0, 0.0, 0.0, 0.0, 0.0, 0.0, Right, UnKnown, UnKnown, 1, -1, 1, 0,#....
P298, 268.490000, 29.099000, 0.0, 0.0, 0.0, 0.0, 0.0, 0.0, 0.0, Right, UnKnown, UnKnown, 1, -1, 1, 0,#....
P299, 268.190000, 31.366000, 0.0, 0.0, 0.0, 0.0, 0.0, 0.0, 0.0, Right, UnKnown, UnKnown, 1, -1, 1, 0,#....
P300, 268.070000, 31.985000, 0.0, 0.0, 0.0, 0.0, 0.0, 0.0, 0.0, Right, UnKnown, UnKnown, 1, -1, 1, 0,#....
P301, 268.040000, 32.342000, 0.0, 0.0, 0.0, 0.0, 0.0, 0.0, 0.0, Right, UnKnown, UnKnown, 1, -1, 1, 0,#....
P302, 268.090000, 33.841000, 0.0, 0.0, 0.0, 0.0, 0.0, 0.0, 0.0, Right, UnKnown, UnKnown, 1, -1, 1, 0,#....
P303, 268.090000, 33.976000, 0.0, 0.0, 0.0, 0.0, 0.0, 0.0, 0.0, Right, UnKnown, UnKnown, 1, -1, 1, 0,#....
P304, 268.070000, 34.212000, 0.0, 0.0, 0.0, 0.0, 0.0, 0.0, 0.0, Right, UnKnown, UnKnown, 1, -1, 1, 0,#....
P305, 268.010000, 35.330000, 0.0, 0.0, 0.0, 0.0, 0.0, 0.0, 0.0, Right, UnKnown, UnKnown, 1, -1, 1, 0,#....
P306, 268.010000, 37.201000, 0.0, 0.0, 0.0, 0.0, 0.0, 0.0, 0.0, Right, UnKnown, UnKnown, 1, -1, 1, 0,#....
P307, 268.080000, 38.787000, 0.0, 0.0, 0.0, 0.0, 0.0, 0.0, 0.0, Right, UnKnown, UnKnown, 1, -1, 1, 0,#....
P308, 268.020000, 40.413000, 0.0, 0.0, 0.0, 0.0, 0.0, 0.0, 0.0, Right, UnKnown, UnKnown, 1, -1, 1, 0,#....
P309, 268.000000, 40.993000, 0.0, 0.0, 0.0, 0.0, 0.0, 0.0, 0.0, Right, UnKnown, UnKnown, 1, -1, 1, 0,#....
P310, 267.980000, 41.573000, 0.0, 0.0, 0.0, 0.0, 0.0, 0.0, 0.0, Right, UnKnown, UnKnown, 1, -1, 1, 0,#....
P311, 267.960000, 41.920000, 0.0, 0.0, 0.0, 0.0, 0.0, 0.0, 0.0, Right, UnKnown, UnKnown, 1, -1, 1, 0,#....
P312, 267.950000, 42.158000, 0.0, 0.0, 0.0, 0.0, 0.0, 0.0, 0.0, Right, UnKnown, UnKnown, 1, -1, 1, 0,#....
P313, 267.940000, 42.274000, 0.0, 0.0, 0.0, 0.0, 0.0, 0.0, 0.0, Right, UnKnown, UnKnown, 1, -1, 1, 0,#....
P314, 267.940000, 42.386000, 0.0, 0.0, 0.0, 0.0, 0.0, 0.0, 0.0, Right, UnKnown, UnKnown, 1, -1, 1, 0,#....
P315, 268.120000, 44.481000, 0.0, 0.0, 0.0, 0.0, 0.0, 0.0, 0.0, Right, UnKnown, UnKnown, 1, -1, 1, 0,#....
P316, 268.240000, 45.950000, 0.0, 0.0, 0.0, 0.0, 0.0, 0.0, 0.0, Right, UnKnown, UnKnown, 1, -1, 1, 0,#....
P317, 268.360000, 47.565000, 0.0, 0.0, 0.0, 0.0, 0.0, 0.0, 0.0, Right, UnKnown, UnKnown, 1, -1, 1, 0,#....
P318, 268.580000, 49.768000, 0.0, 0.0, 0.0, 0.0, 0.0, 0.0, 0.0, Right, UnKnown, UnKnown, 1, -1, 1, 0,#....
P319, 268.690000, 50.857000, 0.0, 0.0, 0.0, 0.0, 0.0, 0.0, 0.0, Right, UnKnown, UnKnown, 1, -1, 1, 0,#....
P320, 268.820000, 53.164000, 0.0, 0.0, 0.0, 0.0, 0.0, 0.0, 0.0, Right, UnKnown, UnKnown, 1, -1, 1, 0,#....
P321, 269.050000, 55.225000, 0.0, 0.0, 0.0, 0.0, 0.0, 0.0, 0.0, Right, UnKnown, UnKnown, 1, -1, 1, 0,#....
P322, 269.510000, 57.464000, 0.0, 0.0, 0.0, 0.0, 0.0, 0.0, 0.0, Right, UnKnown, UnKnown, 1, -1, 1, 0,#....
P323, 270.020000, 60.006000, 0.0, 0.0, 0.0, 0.0, 0.0, 0.0, 0.0, Right, UnKnown, UnKnown, 1, -1, 1, 0,#....
P324, 270.370000, 62.031000, 0.0, 0.0, 0.0, 0.0, 0.0, 0.0, 0.0, Right, UnKnown, UnKnown, 1, -1, 1, 0,#....
P325, 270.530000, 63.107000, 0.0, 0.0, 0.0, 0.0, 0.0, 0.0, 0.0, Right, UnKnown, UnKnown, 1, -1, 1, 0,#....
P326, 270.540000, 63.564000, 0.0, 0.0, 0.0, 0.0, 0.0, 0.0, 0.0, Right, UnKnown, UnKnown, 1, -1, 1, 0,#....
P327, 270.540000, 63.779000, 0.0, 0.0, 0.0, 0.0, 0.0, 0.0, 0.0, Right, UnKnown, UnKnown, 1, -1, 1, 0,#....
P328, 270.520000, 64.001000, 0.0, 0.0, 0.0, 0.0, 0.0, 0.0, 0.0, Right, UnKnown, UnKnown, 1, -1, 1, 0,#....
P329, 270.480000, 64.216000, 0.0, 0.0, 0.0, 0.0, 0.0, 0.0, 0.0, Right, UnKnown, UnKnown, 1, -1, 1, 0,#....
P330, 270.420000, 64.417000, 0.0, 0.0, 0.0, 0.0, 0.0, 0.0, 0.0, Right, UnKnown, UnKnown, 1, -1, 1, 0,#....
P331, 270.350000, 64.587000, 0.0, 0.0, 0.0, 0.0, 0.0, 0.0, 0.0, Right, UnKnown, UnKnown, 1, -1, 1, 0,#....
P332, 270.080000, 64.994000, 0.0, 0.0, 0.0, 0.0, 0.0, 0.0, 0.0, Right, UnKnown, UnKnown, 1, -1, 1, 0,#....
P333, 270.000000, 65.130000, 0.0, 0.0, 0.0, 0.0, 0.0, 0.0, 0.0, Right, UnKnown, UnKnown, 1, -1, 1, 0,#....
P334, 269.950000, 65.256000, 0.0, 0.0, 0.0, 0.0, 0.0, 0.0, 0.0, Right, UnKnown, UnKnown, 1, -1, 1, 0,#....
P335, 269.920000, 65.908000, 0.0, 0.0, 0.0, 0.0, 0.0, 0.0, 0.0, Right, UnKnown, UnKnown, 1, -1, 1, 0,#....
P336, 269.930000, 66.076000, 0.0, 0.0, 0.0, 0.0, 0.0, 0.0, 0.0, Right, UnKnown, UnKnown, 1, -1, 1, 0,#....
P337, 269.940000, 66.188000, 0.0, 0.0, 0.0, 0.0, 0.0, 0.0, 0.0, Right, UnKnown, UnKnown, 1, -1, 1, 0,#....
P338, 270.010000, 66.286000, 0.0, 0.0, 0.0, 0.0, 0.0, 0.0, 0.0, Right, UnKnown, UnKnown, 1, -1, 1, 0,#....
P339, 270.820000, 66.760000, 0.0, 0.0, 0.0, 0.0, 0.0, 0.0, 0.0, Right, UnKnown, UnKnown, 1, -1, 1, 0,#....
P340, 271.050000, 66.880000, 0.0, 0.0, 0.0, 0.0, 0.0, 0.0, 0.0, Right, UnKnown, UnKnown, 1, -1, 1, 0,#....
P341, 271.270000, 67.019000, 0.0, 0.0, 0.0, 0.0, 0.0, 0.0, 0.0, Right, UnKnown, UnKnown, 1, -1, 1, 0,#....
P342, 271.460000, 67.178000, 0.0, 0.0, 0.0, 0.0, 0.0, 0.0, 0.0, Right, UnKnown, UnKnown, 1, -1, 1, 0,#....
P343, 271.640000, 67.357000, 0.0, 0.0, 0.0, 0.0, 0.0, 0.0, 0.0, Right, UnKnown, UnKnown, 1, -1, 1, 0,#....
P344, 271.930000, 67.749000, 0.0, 0.0, 0.0, 0.0, 0.0, 0.0, 0.0, Right, UnKnown, UnKnown, 1, -1, 1, 0,#....
P345, 272.040000, 67.916000, 0.0, 0.0, 0.0, 0.0, 0.0, 0.0, 0.0, Right, UnKnown, UnKnown, 1, -1, 1, 0,#....
P346, 272.610000, 70.026000, 0.0, 0.0, 0.0, 0.0, 0.0, 0.0, 0.0, Right, UnKnown, UnKnown, 1, -1, 1, 0,#....
P347, 273.260000, 72.289000, 0.0, 0.0, 0.0, 0.0, 0.0, 0.0, 0.0, Right, UnKnown, UnKnown, 1, -1, 1, 0,#....
P348, 273.840000, 74.221000, 0.0, 0.0, 0.0, 0.0, 0.0, 0.0, 0.0, Right, UnKnown, UnKnown, 1, -1, 1, 0,#....
P349, 274.700000, 76.454000, 0.0, 0.0, 0.0, 0.0, 0.0, 0.0, 0.0, Right, UnKnown, UnKnown, 1, -1, 1, 0,#....
P350, 274.740000, 76.585000, 0.0, 0.0, 0.0, 0.0, 0.0, 0.0, 0.0, Right, UnKnown, UnKnown, 1, -1, 1, 0,#....
P351, 275.180000, 78.435000, 0.0, 0.0, 0.0, 0.0, 0.0, 0.0, 0.0, Right, UnKnown, UnKnown, 1, -1, 1, 0,#....
P352, 275.970000, 80.777000, 0.0, 0.0, 0.0, 0.0, 0.0, 0.0, 0.0, Right, UnKnown, UnKnown, 1, -1, 1, 0,#....
P353, 276.700000, 82.780000, 0.0, 0.0, 0.0, 0.0, 0.0, 0.0, 0.0, Right, UnKnown, UnKnown, 1, -1, 1, 0,#....
P354, 277.560000, 84.993000, 0.0, 0.0, 0.0, 0.0, 0.0, 0.0, 0.0, Right, UnKnown, UnKnown, 1, -1, 1, 0,#....
P355, 278.340000, 87.271000, 0.0, 0.0, 0.0, 0.0, 0.0, 0.0, 0.0, Right, UnKnown, UnKnown, 1, -1, 1, 0,#....
P356, 278.980000, 89.231000, 0.0, 0.0, 0.0, 0.0, 0.0, 0.0, 0.0, Right, UnKnown, UnKnown, 1, -1, 1, 0,#....
P357, 280.130000, 91.828000, 0.0, 0.0, 0.0, 0.0, 0.0, 0.0, 0.0, Right, UnKnown, UnKnown, 1, -1, 1, 0,#....
P358, 280.740000, 93.574000, 0.0, 0.0, 0.0, 0.0, 0.0, 0.0, 0.0, Right, UnKnown, UnKnown, 1, -1, 1, 0,#....
P359, 281.590000, 95.509000, 0.0, 0.0, 0.0, 0.0, 0.0, 0.0, 0.0, Right, UnKnown, UnKnown, 1, -1, 1, 0,#....
P360, 282.620000, 97.837000, 0.0, 0.0, 0.0, 0.0, 0.0, 0.0, 0.0, Right, UnKnown, UnKnown, 1, -1, 1, 0,#....
P361, 283.760000, 100.200000, 0.0, 0.0, 0.0, 0.0, 0.0, 0.0, 0.0, Right, UnKnown, UnKnown, 1, -1, 1, 0,#....
P362, 284.890000, 102.670000, 0.0, 0.0, 0.0, 0.0, 0.0, 0.0, 0.0, Right, UnKnown, UnKnown, 1, -1, 1, 0,#....
P363, 286.150000, 104.950000, 0.0, 0.0, 0.0, 0.0, 0.0, 0.0, 0.0, Right, UnKnown, UnKnown, 1, -1, 1, 0,#....
P364, 287.410000, 107.500000, 0.0, 0.0, 0.0, 0.0, 0.0, 0.0, 0.0, Right, UnKnown, UnKnown, 1, -1, 1, 0,#....
P365, 288.770000, 109.910000, 0.0, 0.0, 0.0, 0.0, 0.0, 0.0, 0.0, Right, UnKnown, UnKnown, 1, -1, 1, 0,#....
P366, 289.940000, 111.760000, 0.0, 0.0, 0.0, 0.0, 0.0, 0.0, 0.0, Right, UnKnown, UnKnown, 1, -1, 1, 0,#....
P367, 291.230000, 113.450000, 0.0, 0.0, 0.0, 0.0, 0.0, 0.0, 0.0, Right, UnKnown, UnKnown, 1, -1, 1, 0,#....
P368, 292.540000, 115.310000, 0.0, 0.0, 0.0, 0.0, 0.0, 0.0, 0.0, Right, UnKnown, UnKnown, 1, -1, 1, 0,#....
P369, 294.130000, 117.290000, 0.0, 0.0, 0.0, 0.0, 0.0, 0.0, 0.0, Right, UnKnown, UnKnown, 1, -1, 1, 0,#....
P370, 295.390000, 118.660000, 0.0, 0.0, 0.0, 0.0, 0.0, 0.0, 0.0, Right, UnKnown, UnKnown, 1, -1, 1, 0,#....
P371, 296.920000, 120.270000, 0.0, 0.0, 0.0, 0.0, 0.0, 0.0, 0.0, Right, UnKnown, UnKnown, 1, -1, 1, 0,#....
P372, 298.450000, 121.600000, 0.0, 0.0, 0.0, 0.0, 0.0, 0.0, 0.0, Right, UnKnown, UnKnown, 1, -1, 1, 0,#....
P373, 299.990000, 122.900000, 0.0, 0.0, 0.0, 0.0, 0.0, 0.0, 0.0, Right, UnKnown, UnKnown, 1, -1, 1, 0,#....
P374, 302.030000, 124.470000, 0.0, 0.0, 0.0, 0.0, 0.0, 0.0, 0.0, Right, UnKnown, UnKnown, 1, -1, 1, 0,#....
P375, 304.020000, 125.690000, 0.0, 0.0, 0.0, 0.0, 0.0, 0.0, 0.0, Right, UnKnown, UnKnown, 1, -1, 1, 0,#....
P376, 306.170000, 126.970000, 0.0, 0.0, 0.0, 0.0, 0.0, 0.0, 0.0, Right, UnKnown, UnKnown, 1, -1, 1, 0,#....
P377, 308.530000, 127.750000, 0.0, 0.0, 0.0, 0.0, 0.0, 0.0, 0.0, Right, UnKnown, UnKnown, 1, -1, 1, 0,#....
P378, 310.520000, 128.380000, 0.0, 0.0, 0.0, 0.0, 0.0, 0.0, 0.0, Right, UnKnown, UnKnown, 1, -1, 1, 0,#....
P379, 310.700000, 128.450000, 0.0, 0.0, 0.0, 0.0, 0.0, 0.0, 0.0, Right, UnKnown, UnKnown, 1, -1, 1, 0,#....
P380, 310.850000, 128.530000, 0.0, 0.0, 0.0, 0.0, 0.0, 0.0, 0.0, Right, UnKnown, UnKnown, 1, -1, 1, 0,#....
P381, 311.170000, 128.750000, 0.0, 0.0, 0.0, 0.0, 0.0, 0.0, 0.0, Right, UnKnown, UnKnown, 1, -1, 1, 0,#....
P382, 311.360000, 128.900000, 0.0, 0.0, 0.0, 0.0, 0.0, 0.0, 0.0, Right, UnKnown, UnKnown, 1, -1, 1, 0,#....
P383, 312.080000, 129.620000, 0.0, 0.0, 0.0, 0.0, 0.0, 0.0, 0.0, Right, UnKnown, UnKnown, 1, -1, 1, 0,#....
P384, 312.300000, 129.810000, 0.0, 0.0, 0.0, 0.0, 0.0, 0.0, 0.0, Right, UnKnown, UnKnown, 1, -1, 1, 0,#....
P385, 312.520000, 129.930000, 0.0, 0.0, 0.0, 0.0, 0.0, 0.0, 0.0, Right, UnKnown, UnKnown, 1, -1, 1, 0,#....
P386, 312.730000, 129.980000, 0.0, 0.0, 0.0, 0.0, 0.0, 0.0, 0.0, Right, UnKnown, UnKnown, 1, -1, 1, 0,#....
P387, 312.910000, 129.960000, 0.0, 0.0, 0.0, 0.0, 0.0, 0.0, 0.0, Right, UnKnown, UnKnown, 1, -1, 1, 0,#....
P388, 313.070000, 129.920000, 0.0, 0.0, 0.0, 0.0, 0.0, 0.0, 0.0, Right, UnKnown, UnKnown, 1, -1, 1, 0,#....
P389, 313.200000, 129.850000, 0.0, 0.0, 0.0, 0.0, 0.0, 0.0, 0.0, Right, UnKnown, UnKnown, 1, -1, 1, 0,#....
P390, 314.190000, 128.940000, 0.0, 0.0, 0.0, 0.0, 0.0, 0.0, 0.0, Right, UnKnown, UnKnown, 1, -1, 1, 0,#....
P391, 314.340000, 128.840000, 0.0, 0.0, 0.0, 0.0, 0.0, 0.0, 0.0, Right, UnKnown, UnKnown, 1, -1, 1, 0,#....
P392, 314.480000, 128.760000, 0.0, 0.0, 0.0, 0.0, 0.0, 0.0, 0.0, Right, UnKnown, UnKnown, 1, -1, 1, 0,#....
P393, 314.880000, 128.600000, 0.0, 0.0, 0.0, 0.0, 0.0, 0.0, 0.0, Right, UnKnown, UnKnown, 1, -1, 1, 0,#....
P394, 315.120000, 128.530000, 0.0, 0.0, 0.0, 0.0, 0.0, 0.0, 0.0, Right, UnKnown, UnKnown, 1, -1, 1, 0,#....
P395, 317.340000, 128.390000, 0.0, 0.0, 0.0, 0.0, 0.0, 0.0, 0.0, Right, UnKnown, UnKnown, 1, -1, 1, 0,#....
P396, 319.870000, 128.010000, 0.0, 0.0, 0.0, 0.0, 0.0, 0.0, 0.0, Right, UnKnown, UnKnown, 1, -1, 1, 0,#....
P397, 321.850000, 127.250000, 0.0, 0.0, 0.0, 0.0, 0.0, 0.0, 0.0, Right, UnKnown, UnKnown, 1, -1, 1, 0,#....
P398, 324.080000, 126.160000, 0.0, 0.0, 0.0, 0.0, 0.0, 0.0, 0.0, Right, UnKnown, UnKnown, 1, -1, 1, 0,#....
P399, 326.120000, 124.880000, 0.0, 0.0, 0.0, 0.0, 0.0, 0.0, 0.0, Right, UnKnown, UnKnown, 1, -1, 1, 0,#....
P400, 327.900000, 123.500000, 0.0, 0.0, 0.0, 0.0, 0.0, 0.0, 0.0, Right, UnKnown, UnKnown, 1, -1, 1, 0,#....
P401, 329.350000, 121.850000, 0.0, 0.0, 0.0, 0.0, 0.0, 0.0, 0.0, Right, UnKnown, UnKnown, 1, -1, 1, 0,#....
P402, 330.560000, 120.470000, 0.0, 0.0, 0.0, 0.0, 0.0, 0.0, 0.0, Right, UnKnown, UnKnown, 1, -1, 1, 0,#....
P403, 331.810000, 118.840000, 0.0, 0.0, 0.0, 0.0, 0.0, 0.0, 0.0, Right, UnKnown, UnKnown, 1, -1, 1, 0,#....
P404, 333.080000, 117.040000, 0.0, 0.0, 0.0, 0.0, 0.0, 0.0, 0.0, Right, UnKnown, UnKnown, 1, -1, 1, 0,#....
P405, 334.340000, 114.890000, 0.0, 0.0, 0.0, 0.0, 0.0, 0.0, 0.0, Right, UnKnown, UnKnown, 1, -1, 1, 0,#....
P406, 335.540000, 112.320000, 0.0, 0.0, 0.0, 0.0, 0.0, 0.0, 0.0, Right, UnKnown, UnKnown, 1, -1, 1, 0,#....
P407, 336.200000, 110.400000, 0.0, 0.0, 0.0, 0.0, 0.0, 0.0, 0.0, Right, UnKnown, UnKnown, 1, -1, 1, 0,#....
P408, 337.030000, 108.160000, 0.0, 0.0, 0.0, 0.0, 0.0, 0.0, 0.0, Right, UnKnown, UnKnown, 1, -1, 1, 0,#....
P409, 337.610000, 106.400000, 0.0, 0.0, 0.0, 0.0, 0.0, 0.0, 0.0, Right, UnKnown, UnKnown, 1, -1, 1, 0,#....
P410, 338.050000, 104.630000, 0.0, 0.0, 0.0, 0.0, 0.0, 0.0, 0.0, Right, UnKnown, UnKnown, 1, -1, 1, 0,#....
P411, 338.510000, 102.730000, 0.0, 0.0, 0.0, 0.0, 0.0, 0.0, 0.0, Right, UnKnown, UnKnown, 1, -1, 1, 0,#....
P412, 339.160000, 100.470000, 0.0, 0.0, 0.0, 0.0, 0.0, 0.0, 0.0, Right, UnKnown, UnKnown, 1, -1, 1, 0,#....
P413, 339.500000, 99.093000, 0.0, 0.0, 0.0, 0.0, 0.0, 0.0, 0.0, Right, UnKnown, UnKnown, 1, -1, 1, 0,#....
P414, 339.560000, 98.846000, 0.0, 0.0, 0.0, 0.0, 0.0, 0.0, 0.0, Right, UnKnown, UnKnown, 1, -1, 1, 0,#....
P415, 339.980000, 97.280000, 0.0, 0.0, 0.0, 0.0, 0.0, 0.0, 0.0, Right, UnKnown, UnKnown, 1, -1, 1, 0,#....
P416, 340.280000, 95.668000, 0.0, 0.0, 0.0, 0.0, 0.0, 0.0, 0.0, Right, UnKnown, UnKnown, 1, -1, 1, 0,#....
P417, 340.340000, 95.295000, 0.0, 0.0, 0.0, 0.0, 0.0, 0.0, 0.0, Right, UnKnown, UnKnown, 1, -1, 1, 0,#....
P418, 340.830000, 93.163000, 0.0, 0.0, 0.0, 0.0, 0.0, 0.0, 0.0, Right, UnKnown, UnKnown, 1, -1, 1, 0,#....
P419, 341.520000, 90.706000, 0.0, 0.0, 0.0, 0.0, 0.0, 0.0, 0.0, Right, UnKnown, UnKnown, 1, -1, 1, 0,#....
P420, 342.010000, 88.329000, 0.0, 0.0, 0.0, 0.0, 0.0, 0.0, 0.0, Right, UnKnown, UnKnown, 1, -1, 1, 0,#....
P421, 342.390000, 86.069000, 0.0, 0.0, 0.0, 0.0, 0.0, 0.0, 0.0, Right, UnKnown, UnKnown, 1, -1, 1, 0,#....
P422, 342.750000, 84.061000, 0.0, 0.0, 0.0, 0.0, 0.0, 0.0, 0.0, Right, UnKnown, UnKnown, 1, -1, 1, 0,#....
P423, 343.280000, 81.811000, 0.0, 0.0, 0.0, 0.0, 0.0, 0.0, 0.0, Right, UnKnown, UnKnown, 1, -1, 1, 0,#....
P424, 343.580000, 79.502000, 0.0, 0.0, 0.0, 0.0, 0.0, 0.0, 0.0, Right, UnKnown, UnKnown, 1, -1, 1, 0,#....
P425, 343.970000, 77.273000, 0.0, 0.0, 0.0, 0.0, 0.0, 0.0, 0.0, Right, UnKnown, UnKnown, 1, -1, 1, 0,#....
P426, 344.070000, 76.779000, 0.0, 0.0, 0.0, 0.0, 0.0, 0.0, 0.0, Right, UnKnown, UnKnown, 1, -1, 1, 0,#....
P427, 344.100000, 76.541000, 0.0, 0.0, 0.0, 0.0, 0.0, 0.0, 0.0, Right, UnKnown, UnKnown, 1, -1, 1, 0,#....
P428, 344.400000, 74.681000, 0.0, 0.0, 0.0, 0.0, 0.0, 0.0, 0.0, Right, UnKnown, UnKnown, 1, -1, 1, 0,#....
P429, 344.680000, 72.744000, 0.0, 0.0, 0.0, 0.0, 0.0, 0.0, 0.0, Right, UnKnown, UnKnown, 1, -1, 1, 0,#....
P430, 344.820000, 72.040000, 0.0, 0.0, 0.0, 0.0, 0.0, 0.0, 0.0, Right, UnKnown, UnKnown, 1, -1, 1, 0,#....
P431, 344.880000, 71.835000, 0.0, 0.0, 0.0, 0.0, 0.0, 0.0, 0.0, Right, UnKnown, UnKnown, 1, -1, 1, 0,#....
P432, 344.940000, 71.658000, 0.0, 0.0, 0.0, 0.0, 0.0, 0.0, 0.0, Right, UnKnown, UnKnown, 1, -1, 1, 0,#....
P433, 345.220000, 71.161000, 0.0, 0.0, 0.0, 0.0, 0.0, 0.0, 0.0, Right, UnKnown, UnKnown, 1, -1, 1, 0,#....
P434, 345.360000, 70.949000, 0.0, 0.0, 0.0, 0.0, 0.0, 0.0, 0.0, Right, UnKnown, UnKnown, 1, -1, 1, 0,#....
P435, 346.570000, 69.869000, 0.0, 0.0, 0.0, 0.0, 0.0, 0.0, 0.0, Right, UnKnown, UnKnown, 1, -1, 1, 0,#....
P436, 347.000000, 69.576000, 0.0, 0.0, 0.0, 0.0, 0.0, 0.0, 0.0, Right, UnKnown, UnKnown, 1, -1, 1, 0,#....
P437, 347.180000, 69.169000, 0.0, 0.0, 0.0, 0.0, 0.0, 0.0, 0.0, Right, UnKnown, UnKnown, 1, -1, 1, 0,#....
P438, 346.490000, 68.563000, 0.0, 0.0, 0.0, 0.0, 0.0, 0.0, 0.0, Right, UnKnown, UnKnown, 1, -1, 1, 0,#....
P439, 346.070000, 68.257000, 0.0, 0.0, 0.0, 0.0, 0.0, 0.0, 0.0, Right, UnKnown, UnKnown, 1, -1, 1, 0,#....
P440, 345.940000, 68.119000, 0.0, 0.0, 0.0, 0.0, 0.0, 0.0, 0.0, Right, UnKnown, UnKnown, 1, -1, 1, 0,#....
P441, 345.560000, 67.570000, 0.0, 0.0, 0.0, 0.0, 0.0, 0.0, 0.0, Right, UnKnown, UnKnown, 1, -1, 1, 0,#....
P442, 345.430000, 67.338000, 0.0, 0.0, 0.0, 0.0, 0.0, 0.0, 0.0, Right, UnKnown, UnKnown, 1, -1, 1, 0,#....
P443, 345.340000, 67.154000, 0.0, 0.0, 0.0, 0.0, 0.0, 0.0, 0.0, Right, UnKnown, UnKnown, 1, -1, 1, 0,#....
P444, 345.300000, 67.011000, 0.0, 0.0, 0.0, 0.0, 0.0, 0.0, 0.0, Right, UnKnown, UnKnown, 1, -1, 1, 0,#....
P445, 345.270000, 66.879000, 0.0, 0.0, 0.0, 0.0, 0.0, 0.0, 0.0, Right, UnKnown, UnKnown, 1, -1, 1, 0,#....
P446, 345.240000, 66.755000, 0.0, 0.0, 0.0, 0.0, 0.0, 0.0, 0.0, Right, UnKnown, UnKnown, 1, -1, 1, 0,#....
P447, 345.230000, 66.629000, 0.0, 0.0, 0.0, 0.0, 0.0, 0.0, 0.0, Right, UnKnown, UnKnown, 1, -1, 1, 0,#....
P448, 345.230000, 66.497000, 0.0, 0.0, 0.0, 0.0, 0.0, 0.0, 0.0, Right, UnKnown, UnKnown, 1, -1, 1, 0,#....
P449, 345.320000, 65.854000, 0.0, 0.0, 0.0, 0.0, 0.0, 0.0, 0.0, Right, UnKnown, UnKnown, 1, -1, 1, 0,#....
P450, 345.780000, 64.238000, 0.0, 0.0, 0.0, 0.0, 0.0, 0.0, 0.0, Right, UnKnown, UnKnown, 1, -1, 1, 0,#....
P451, 345.820000, 64.088000, 0.0, 0.0, 0.0, 0.0, 0.0, 0.0, 0.0, Right, UnKnown, UnKnown, 1, -1, 1, 0,#....
P452, 346.070000, 62.126000, 0.0, 0.0, 0.0, 0.0, 0.0, 0.0, 0.0, Right, UnKnown, UnKnown, 1, -1, 1, 0,#....
P453, 346.080000, 61.782000, 0.0, 0.0, 0.0, 0.0, 0.0, 0.0, 0.0, Right, UnKnown, UnKnown, 1, -1, 1, 0,#....
P454, 346.120000, 60.038000, 0.0, 0.0, 0.0, 0.0, 0.0, 0.0, 0.0, Right, UnKnown, UnKnown, 1, -1, 1, 0,#....
P455, 346.220000, 58.559000, 0.0, 0.0, 0.0, 0.0, 0.0, 0.0, 0.0, Right, UnKnown, UnKnown, 1, -1, 1, 0,#....
P456, 346.230000, 58.434000, 0.0, 0.0, 0.0, 0.0, 0.0, 0.0, 0.0, Right, UnKnown, UnKnown, 1, -1, 1, 0,#....
P457, 346.020000, 56.163000, 0.0, 0.0, 0.0, 0.0, 0.0, 0.0, 0.0, Right, UnKnown, UnKnown, 1, -1, 1, 0,#....
P458, 346.020000, 55.057000, 0.0, 0.0, 0.0, 0.0, 0.0, 0.0, 0.0, Right, UnKnown, UnKnown, 1, -1, 1, 0,#....
P459, 346.050000, 54.394000, 0.0, 0.0, 0.0, 0.0, 0.0, 0.0, 0.0, Right, UnKnown, UnKnown, 1, -1, 1, 0,#....
P460, 346.060000, 54.144000, 0.0, 0.0, 0.0, 0.0, 0.0, 0.0, 0.0, Right, UnKnown, UnKnown, 1, -1, 1, 0,#....
P461, 346.070000, 53.888000, 0.0, 0.0, 0.0, 0.0, 0.0, 0.0, 0.0, Right, UnKnown, UnKnown, 1, -1, 1, 0,#....
P462, 345.990000, 51.757000, 0.0, 0.0, 0.0, 0.0, 0.0, 0.0, 0.0, Right, UnKnown, UnKnown, 1, -1, 1, 0,#....
P463, 345.860000, 50.808000, 0.0, 0.0, 0.0, 0.0, 0.0, 0.0, 0.0, Right, UnKnown, UnKnown, 1, -1, 1, 0,#....
P464, 345.750000, 48.751000, 0.0, 0.0, 0.0, 0.0, 0.0, 0.0, 0.0, Right, UnKnown, UnKnown, 1, -1, 1, 0,#....
P465, 345.560000, 47.414000, 0.0, 0.0, 0.0, 0.0, 0.0, 0.0, 0.0, Right, UnKnown, UnKnown, 1, -1, 1, 0,#....
P466, 345.190000, 45.095000, 0.0, 0.0, 0.0, 0.0, 0.0, 0.0, 0.0, Right, UnKnown, UnKnown, 1, -1, 1, 0,#....
P467, 345.020000, 44.325000, 0.0, 0.0, 0.0, 0.0, 0.0, 0.0, 0.0, Right, UnKnown, UnKnown, 1, -1, 1, 0,#....
P468, 344.990000, 44.180000, 0.0, 0.0, 0.0, 0.0, 0.0, 0.0, 0.0, Right, UnKnown, UnKnown, 1, -1, 1, 0,#....
P469, 344.980000, 43.902000, 0.0, 0.0, 0.0, 0.0, 0.0, 0.0, 0.0, Right, UnKnown, UnKnown, 1, -1, 1, 0,#....
P470, 344.920000, 42.804000, 0.0, 0.0, 0.0, 0.0, 0.0, 0.0, 0.0, Right, UnKnown, UnKnown, 1, -1, 1, 0,#....
P471, 344.240000, 40.559000, 0.0, 0.0, 0.0, 0.0, 0.0, 0.0, 0.0, Right, UnKnown, UnKnown, 1, -1, 1, 0,#....
P472, 343.690000, 38.556000, 0.0, 0.0, 0.0, 0.0, 0.0, 0.0, 0.0, Right, UnKnown, UnKnown, 1, -1, 1, 0,#....
P473, 342.940000, 36.406000, 0.0, 0.0, 0.0, 0.0, 0.0, 0.0, 0.0, Right, UnKnown, UnKnown, 1, -1, 1, 0,#....
P474, 342.360000, 34.281000, 0.0, 0.0, 0.0, 0.0, 0.0, 0.0, 0.0, Right, UnKnown, UnKnown, 1, -1, 1, 0,#....
P475, 341.290000, 31.751000, 0.0, 0.0, 0.0, 0.0, 0.0, 0.0, 0.0, Right, UnKnown, UnKnown, 1, -1, 1, 0,#....
P476, 340.480000, 29.450000, 0.0, 0.0, 0.0, 0.0, 0.0, 0.0, 0.0, Right, UnKnown, UnKnown, 1, -1, 1, 0,#....
P477, 340.410000, 29.218000, 0.0, 0.0, 0.0, 0.0, 0.0, 0.0, 0.0, Right, UnKnown, UnKnown, 1, -1, 1, 0,#....
P478, 339.510000, 26.969000, 0.0, 0.0, 0.0, 0.0, 0.0, 0.0, 0.0, Right, UnKnown, UnKnown, 1, -1, 1, 0,#....
P479, 338.430000, 24.673000, 0.0, 0.0, 0.0, 0.0, 0.0, 0.0, 0.0, Right, UnKnown, UnKnown, 1, -1, 1, 0,#....
P480, 338.380000, 24.514000, 0.0, 0.0, 0.0, 0.0, 0.0, 0.0, 0.0, Right, UnKnown, UnKnown, 1, -1, 1, 0,#....
P481, 338.360000, 24.381000, 0.0, 0.0, 0.0, 0.0, 0.0, 0.0, 0.0, Right, UnKnown, UnKnown, 1, -1, 1, 0,#....
P482, 338.340000, 24.249000, 0.0, 0.0, 0.0, 0.0, 0.0, 0.0, 0.0, Right, UnKnown, UnKnown, 1, -1, 1, 0,#....
P483, 338.330000, 24.100000, 0.0, 0.0, 0.0, 0.0, 0.0, 0.0, 0.0, Right, UnKnown, UnKnown, 1, -1, 1, 0,#....
P484, 338.350000, 23.898000, 0.0, 0.0, 0.0, 0.0, 0.0, 0.0, 0.0, Right, UnKnown, UnKnown, 1, -1, 1, 0,#....
P485, 338.380000, 23.648000, 0.0, 0.0, 0.0, 0.0, 0.0, 0.0, 0.0, Right, UnKnown, UnKnown, 1, -1, 1, 0,#....
P486, 338.460000, 23.384000, 0.0, 0.0, 0.0, 0.0, 0.0, 0.0, 0.0, Right, UnKnown, UnKnown, 1, -1, 1, 0,#....
P487, 338.570000, 23.107000, 0.0, 0.0, 0.0, 0.0, 0.0, 0.0, 0.0, Right, UnKnown, UnKnown, 1, -1, 1, 0,#....
P488, 339.200000, 22.373000, 0.0, 0.0, 0.0, 0.0, 0.0, 0.0, 0.0, Right, UnKnown, UnKnown, 1, -1, 1, 0,#....
P489, 339.250000, 22.329000, 0.0, 0.0, 0.0, 0.0, 0.0, 0.0, 0.0, Right, UnKnown, UnKnown, 1, -1, 1, 0,#....
P490, 339.290000, 22.280000, 0.0, 0.0, 0.0, 0.0, 0.0, 0.0, 0.0, Right, UnKnown, UnKnown, 1, -1, 1, 0,#....
P491, 339.330000, 22.226000, 0.0, 0.0, 0.0, 0.0, 0.0, 0.0, 0.0, Right, UnKnown, UnKnown, 1, -1, 1, 0,#....
P492, 339.360000, 22.168000, 0.0, 0.0, 0.0, 0.0, 0.0, 0.0, 0.0, Right, UnKnown, UnKnown, 1, -1, 1, 0,#....
P493, 339.380000, 22.108000, 0.0, 0.0, 0.0, 0.0, 0.0, 0.0, 0.0, Right, UnKnown, UnKnown, 1, -1, 1, 0,#....
P494, 339.390000, 22.044000, 0.0, 0.0, 0.0, 0.0, 0.0, 0.0, 0.0, Right, UnKnown, UnKnown, 1, -1, 1, 0,#....
P495, 339.400000, 21.980000, 0.0, 0.0, 0.0, 0.0, 0.0, 0.0, 0.0, Right, UnKnown, UnKnown, 1, -1, 1, 0,#....
P496, 339.400000, 21.915000, 0.0, 0.0, 0.0, 0.0, 0.0, 0.0, 0.0, Right, UnKnown, UnKnown, 1, -1, 1, 0,#....
P497, 339.390000, 21.851000, 0.0, 0.0, 0.0, 0.0, 0.0, 0.0, 0.0, Right, UnKnown, UnKnown, 1, -1, 1, 0,#....
P498, 339.380000, 21.788000, 0.0, 0.0, 0.0, 0.0, 0.0, 0.0, 0.0, Right, UnKnown, UnKnown, 1, -1, 1, 0,#....
P499, 339.350000, 21.728000, 0.0, 0.0, 0.0, 0.0, 0.0, 0.0, 0.0, Right, UnKnown, UnKnown, 1, -1, 1, 0,#....
P500, 339.320000, 21.671000, 0.0, 0.0, 0.0, 0.0, 0.0, 0.0, 0.0, Right, UnKnown, UnKnown, 1, -1, 1, 0,#....
Q1, 327.560000, -7.313000, 0.0, 0.0, 0.0, 0.0, 0.0, 0.0, 0.0, Right, UnKnown, UnKnown, 1, -1, 1, 0,#....
Q2, 327.570000, -9.409000, 0.0, 0.0, 0.0, 0.0, 0.0, 0.0, 0.0, Right, UnKnown, UnKnown, 1, -1, 1, 0,#....
Q3, 327.610000, -11.223000, 0.0, 0.0, 0.0, 0.0, 0.0, 0.0, 0.0, Right, UnKnown, UnKnown, 1, -1, 1, 0,#....
Q4, 327.840000, -13.052000, 0.0, 0.0, 0.0, 0.0, 0.0, 0.0, 0.0, Right, UnKnown, UnKnown, 1, -1, 1, 0,#....
Q5, 328.060000, -15.228000, 0.0, 0.0, 0.0, 0.0, 0.0, 0.0, 0.0, Right, UnKnown, UnKnown, 1, -1, 1, 0,#....
Q6, 328.260000, -17.123000, 0.0, 0.0, 0.0, 0.0, 0.0, 0.0, 0.0, Right, UnKnown, UnKnown, 1, -1, 1, 0,#....
Q7, 328.540000, -19.208000, 0.0, 0.0, 0.0, 0.0, 0.0, 0.0, 0.0, Right, UnKnown, UnKnown, 1, -1, 1, 0,#....
Q8, 328.830000, -21.160000, 0.0, 0.0, 0.0, 0.0, 0.0, 0.0, 0.0, Right, UnKnown, UnKnown, 1, -1, 1, 0,#....
Q9, 329.280000, -23.394000, 0.0, 0.0, 0.0, 0.0, 0.0, 0.0, 0.0, Right, UnKnown, UnKnown, 1, -1, 1, 0,#....
Q10, 330.930000, -26.583000, 0.0, 0.0, 0.0, 0.0, 0.0, 0.0, 0.0, Right, UnKnown, UnKnown, 1, -1, 1, 0,#....
Q11, 330.780000, -30.265000, 0.0, 0.0, 0.0, 0.0, 0.0, 0.0, 0.0, Right, UnKnown, UnKnown, 1, -1, 1, 0,#....
Q12, 331.310000, -32.309000, 0.0, 0.0, 0.0, 0.0, 0.0, 0.0, 0.0, Right, UnKnown, UnKnown, 1, -1, 1, 0,#....
Q13, 331.660000, -34.227000, 0.0, 0.0, 0.0, 0.0, 0.0, 0.0, 0.0, Right, UnKnown, UnKnown, 1, -1, 1, 0,#....
Q14, 332.170000, -36.538000, 0.0, 0.0, 0.0, 0.0, 0.0, 0.0, 0.0, Right, UnKnown, UnKnown, 1, -1, 1, 0,#....
Q15, 332.520000, -38.581000, 0.0, 0.0, 0.0, 0.0, 0.0, 0.0, 0.0, Right, UnKnown, UnKnown, 1, -1, 1, 0,#....
Q16, 333.180000, -40.817000, 0.0, 0.0, 0.0, 0.0, 0.0, 0.0, 0.0, Right, UnKnown, UnKnown, 1, -1, 1, 0,#....
Q17, 333.450000, -42.373000, 0.0, 0.0, 0.0, 0.0, 0.0, 0.0, 0.0, Right, UnKnown, UnKnown, 1, -1, 1, 0,#....
Q18, 333.940000, -44.366000, 0.0, 0.0, 0.0, 0.0, 0.0, 0.0, 0.0, Right, UnKnown, UnKnown, 1, -1, 1, 0,#....
Q19, 334.540000, -46.561000, 0.0, 0.0, 0.0, 0.0, 0.0, 0.0, 0.0, Right, UnKnown, UnKnown, 1, -1, 1, 0,#....
Q20, 334.840000, -48.275000, 0.0, 0.0, 0.0, 0.0, 0.0, 0.0, 0.0, Right, UnKnown, UnKnown, 1, -1, 1, 0,#....
Q21, 335.390000, -50.007000, 0.0, 0.0, 0.0, 0.0, 0.0, 0.0, 0.0, Right, UnKnown, UnKnown, 1, -1, 1, 0,#....
Q22, 335.880000, -52.123000, 0.0, 0.0, 0.0, 0.0, 0.0, 0.0, 0.0, Right, UnKnown, UnKnown, 1, -1, 1, 0,#....
Q23, 336.240000, -53.793000, 0.0, 0.0, 0.0, 0.0, 0.0, 0.0, 0.0, Right, UnKnown, UnKnown, 1, -1, 1, 0,#....
Q24, 336.870000, -56.211000, 0.0, 0.0, 0.0, 0.0, 0.0, 0.0, 0.0, Right, UnKnown, UnKnown, 1, -1, 1, 0,#....
Q25, 337.350000, -57.781000, 0.0, 0.0, 0.0, 0.0, 0.0, 0.0, 0.0, Right, UnKnown, UnKnown, 1, -1, 1, 0,#....
Q26, 337.780000, -59.236000, 0.0, 0.0, 0.0, 0.0, 0.0, 0.0, 0.0, Right, UnKnown, UnKnown, 1, -1, 1, 0,#....
Q27, 338.360000, -61.603000, 0.0, 0.0, 0.0, 0.0, 0.0, 0.0, 0.0, Right, UnKnown, UnKnown, 1, -1, 1, 0,#....
Q28, 338.790000, -63.090000, 0.0, 0.0, 0.0, 0.0, 0.0, 0.0, 0.0, Right, UnKnown, UnKnown, 1, -1, 1, 0,#....
Q29, 339.290000, -65.315000, 0.0, 0.0, 0.0, 0.0, 0.0, 0.0, 0.0, Right, UnKnown, UnKnown, 1, -1, 1, 0,#....
Q30, 339.950000, -67.602000, 0.0, 0.0, 0.0, 0.0, 0.0, 0.0, 0.0, Right, UnKnown, UnKnown, 1, -1, 1, 0,#....
Q31, 340.460000, -69.477000, 0.0, 0.0, 0.0, 0.0, 0.0, 0.0, 0.0, Right, UnKnown, UnKnown, 1, -1, 1, 0,#....
Q32, 340.860000, -71.230000, 0.0, 0.0, 0.0, 0.0, 0.0, 0.0, 0.0, Right, UnKnown, UnKnown, 1, -1, 1, 0,#....
Q33, 341.860000, -73.809000, 0.0, 0.0, 0.0, 0.0, 0.0, 0.0, 0.0, Right, UnKnown, UnKnown, 1, -1, 1, 0,#....
Q34, 342.260000, -76.950000, 0.0, 0.0, 0.0, 0.0, 0.0, 0.0, 0.0, Right, UnKnown, UnKnown, 1, -1, 1, 0,#....
Q35, 342.850000, -79.234000, 0.0, 0.0, 0.0, 0.0, 0.0, 0.0, 0.0, Right, UnKnown, UnKnown, 1, -1, 1, 0,#....
Q36, 343.300000, -80.703000, 0.0, 0.0, 0.0, 0.0, 0.0, 0.0, 0.0, Right, UnKnown, UnKnown, 1, -1, 1, 0,#....
Q37, 343.820000, -83.053000, 0.0, 0.0, 0.0, 0.0, 0.0, 0.0, 0.0, Right, UnKnown, UnKnown, 1, -1, 1, 0,#....
Q38, 344.190000, -85.177000, 0.0, 0.0, 0.0, 0.0, 0.0, 0.0, 0.0, Right, UnKnown, UnKnown, 1, -1, 1, 0,#....
Q39, 344.700000, -87.408000, 0.0, 0.0, 0.0, 0.0, 0.0, 0.0, 0.0, Right, UnKnown, UnKnown, 1, -1, 1, 0,#....
Q40, 345.170000, -89.577000, 0.0, 0.0, 0.0, 0.0, 0.0, 0.0, 0.0, Right, UnKnown, UnKnown, 1, -1, 1, 0,#....
Q41, 345.540000, -91.376000, 0.0, 0.0, 0.0, 0.0, 0.0, 0.0, 0.0, Right, UnKnown, UnKnown, 1, -1, 1, 0,#....
Q42, 345.840000, -93.067000, 0.0, 0.0, 0.0, 0.0, 0.0, 0.0, 0.0, Right, UnKnown, UnKnown, 1, -1, 1, 0,#....
Q43, 346.360000, -95.416000, 0.0, 0.0, 0.0, 0.0, 0.0, 0.0, 0.0, Right, UnKnown, UnKnown, 1, -1, 1, 0,#....
Q44, 346.560000, -96.991000, 0.0, 0.0, 0.0, 0.0, 0.0, 0.0, 0.0, Right, UnKnown, UnKnown, 1, -1, 1, 0,#....
Q45, 346.870000, -98.995000, 0.0, 0.0, 0.0, 0.0, 0.0, 0.0, 0.0, Right, UnKnown, UnKnown, 1, -1, 1, 0,#....
Q46, 347.450000, -101.240000, 0.0, 0.0, 0.0, 0.0, 0.0, 0.0, 0.0, Right, UnKnown, UnKnown, 1, -1, 1, 0,#....
Q47, 347.830000, -102.550000, 0.0, 0.0, 0.0, 0.0, 0.0, 0.0, 0.0, Right, UnKnown, UnKnown, 1, -1, 1, 0,#....
Q48, 348.130000, -104.580000, 0.0, 0.0, 0.0, 0.0, 0.0, 0.0, 0.0, Right, UnKnown, UnKnown, 1, -1, 1, 0,#....
Q49, 348.380000, -106.080000, 0.0, 0.0, 0.0, 0.0, 0.0, 0.0, 0.0, Right, UnKnown, UnKnown, 1, -1, 1, 0,#....
Q50, 348.590000, -107.930000, 0.0, 0.0, 0.0, 0.0, 0.0, 0.0, 0.0, Right, UnKnown, UnKnown, 1, -1, 1, 0,#....
Q51, 348.610000, -109.470000, 0.0, 0.0, 0.0, 0.0, 0.0, 0.0, 0.0, Right, UnKnown, UnKnown, 1, -1, 1, 0,#....
Q52, 348.620000, -111.430000, 0.0, 0.0, 0.0, 0.0, 0.0, 0.0, 0.0, Right, UnKnown, UnKnown, 1, -1, 1, 0,#....
Q53, 348.590000, -112.680000, 0.0, 0.0, 0.0, 0.0, 0.0, 0.0, 0.0, Right, UnKnown, UnKnown, 1, -1, 1, 0,#....
Q54, 348.440000, -114.080000, 0.0, 0.0, 0.0, 0.0, 0.0, 0.0, 0.0, Right, UnKnown, UnKnown, 1, -1, 1, 0,#....
Q55, 348.220000, -116.010000, 0.0, 0.0, 0.0, 0.0, 0.0, 0.0, 0.0, Right, UnKnown, UnKnown, 1, -1, 1, 0,#....
Q56, 347.890000, -118.050000, 0.0, 0.0, 0.0, 0.0, 0.0, 0.0, 0.0, Right, UnKnown, UnKnown, 1, -1, 1, 0,#....
Q57, 347.490000, -119.450000, 0.0, 0.0, 0.0, 0.0, 0.0, 0.0, 0.0, Right, UnKnown, UnKnown, 1, -1, 1, 0,#....
Q58, 346.860000, -121.340000, 0.0, 0.0, 0.0, 0.0, 0.0, 0.0, 0.0, Right, UnKnown, UnKnown, 1, -1, 1, 0,#....
Q59, 346.070000, -123.260000, 0.0, 0.0, 0.0, 0.0, 0.0, 0.0, 0.0, Right, UnKnown, UnKnown, 1, -1, 1, 0,#....
Q60, 345.320000, -124.960000, 0.0, 0.0, 0.0, 0.0, 0.0, 0.0, 0.0, Right, UnKnown, UnKnown, 1, -1, 1, 0,#....
Q61, 344.270000, -126.590000, 0.0, 0.0, 0.0, 0.0, 0.0, 0.0, 0.0, Right, UnKnown, UnKnown, 1, -1, 1, 0,#....
Q62, 343.410000, -127.610000, 0.0, 0.0, 0.0, 0.0, 0.0, 0.0, 0.0, Right, UnKnown, UnKnown, 1, -1, 1, 0,#....
Q63, 342.130000, -129.090000, 0.0, 0.0, 0.0, 0.0, 0.0, 0.0, 0.0, Right, UnKnown, UnKnown, 1, -1, 1, 0,#....
Q64, 341.030000, -130.400000, 0.0, 0.0, 0.0, 0.0, 0.0, 0.0, 0.0, Right, UnKnown, UnKnown, 1, -1, 1, 0,#....
Q65, 339.730000, -131.560000, 0.0, 0.0, 0.0, 0.0, 0.0, 0.0, 0.0, Right, UnKnown, UnKnown, 1, -1, 1, 0,#....
Q66, 338.310000, -132.620000, 0.0, 0.0, 0.0, 0.0, 0.0, 0.0, 0.0, Right, UnKnown, UnKnown, 1, -1, 1, 0,#....
Q67, 337.110000, -133.570000, 0.0, 0.0, 0.0, 0.0, 0.0, 0.0, 0.0, Right, UnKnown, UnKnown, 1, -1, 1, 0,#....
Q68, 334.900000, -134.760000, 0.0, 0.0, 0.0, 0.0, 0.0, 0.0, 0.0, Right, UnKnown, UnKnown, 1, -1, 1, 0,#....
Q69, 333.030000, -135.560000, 0.0, 0.0, 0.0, 0.0, 0.0, 0.0, 0.0, Right, UnKnown, UnKnown, 1, -1, 1, 0,#....
Q70, 331.270000, -136.290000, 0.0, 0.0, 0.0, 0.0, 0.0, 0.0, 0.0, Right, UnKnown, UnKnown, 1, -1, 1, 0,#....
Q71, 329.480000, -136.730000, 0.0, 0.0, 0.0, 0.0, 0.0, 0.0, 0.0, Right, UnKnown, UnKnown, 1, -1, 1, 0,#....
Q72, 326.500000, -137.600000, 0.0, 0.0, 0.0, 0.0, 0.0, 0.0, 0.0, Right, UnKnown, UnKnown, 1, -1, 1, 0,#....
Q73, 323.240000, -137.250000, 0.0, 0.0, 0.0, 0.0, 0.0, 0.0, 0.0, Right, UnKnown, UnKnown, 1, -1, 1, 0,#....
Q74, 321.730000, -137.260000, 0.0, 0.0, 0.0, 0.0, 0.0, 0.0, 0.0, Right, UnKnown, UnKnown, 1, -1, 1, 0,#....
Q75, 320.260000, -136.940000, 0.0, 0.0, 0.0, 0.0, 0.0, 0.0, 0.0, Right, UnKnown, UnKnown, 1, -1, 1, 0,#....
Q76, 318.540000, -136.520000, 0.0, 0.0, 0.0, 0.0, 0.0, 0.0, 0.0, Right, UnKnown, UnKnown, 1, -1, 1, 0,#....
Q77, 316.290000, -135.690000, 0.0, 0.0, 0.0, 0.0, 0.0, 0.0, 0.0, Right, UnKnown, UnKnown, 1, -1, 1, 0,#....
Q78, 315.140000, -135.280000, 0.0, 0.0, 0.0, 0.0, 0.0, 0.0, 0.0, Right, UnKnown, UnKnown, 1, -1, 1, 0,#....
Q79, 313.050000, -134.220000, 0.0, 0.0, 0.0, 0.0, 0.0, 0.0, 0.0, Right, UnKnown, UnKnown, 1, -1, 1, 0,#....
Q80, 311.510000, -133.270000, 0.0, 0.0, 0.0, 0.0, 0.0, 0.0, 0.0, Right, UnKnown, UnKnown, 1, -1, 1, 0,#....
Q81, 309.940000, -132.230000, 0.0, 0.0, 0.0, 0.0, 0.0, 0.0, 0.0, Right, UnKnown, UnKnown, 1, -1, 1, 0,#....
Q82, 308.570000, -131.120000, 0.0, 0.0, 0.0, 0.0, 0.0, 0.0, 0.0, Right, UnKnown, UnKnown, 1, -1, 1, 0,#....
Q83, 307.580000, -130.190000, 0.0, 0.0, 0.0, 0.0, 0.0, 0.0, 0.0, Right, UnKnown, UnKnown, 1, -1, 1, 0,#....
Q84, 306.260000, -128.780000, 0.0, 0.0, 0.0, 0.0, 0.0, 0.0, 0.0, Right, UnKnown, UnKnown, 1, -1, 1, 0,#....
Q85, 305.250000, -127.390000, 0.0, 0.0, 0.0, 0.0, 0.0, 0.0, 0.0, Right, UnKnown, UnKnown, 1, -1, 1, 0,#....
Q86, 304.300000, -125.640000, 0.0, 0.0, 0.0, 0.0, 0.0, 0.0, 0.0, Right, UnKnown, UnKnown, 1, -1, 1, 0,#....
Q87, 302.460000, -123.020000, 0.0, 0.0, 0.0, 0.0, 0.0, 0.0, 0.0, Right, UnKnown, UnKnown, 1, -1, 1, 0,#....
Q88, 301.750000, -121.380000, 0.0, 0.0, 0.0, 0.0, 0.0, 0.0, 0.0, Right, UnKnown, UnKnown, 1, -1, 1, 0,#....
Q89, 301.020000, -119.730000, 0.0, 0.0, 0.0, 0.0, 0.0, 0.0, 0.0, Right, UnKnown, UnKnown, 1, -1, 1, 0,#....
Q90, 300.320000, -118.020000, 0.0, 0.0, 0.0, 0.0, 0.0, 0.0, 0.0, Right, UnKnown, UnKnown, 1, -1, 1, 0,#....
Q91, 299.920000, -116.560000, 0.0, 0.0, 0.0, 0.0, 0.0, 0.0, 0.0, Right, UnKnown, UnKnown, 1, -1, 1, 0,#....
Q92, 299.460000, -114.690000, 0.0, 0.0, 0.0, 0.0, 0.0, 0.0, 0.0, Right, UnKnown, UnKnown, 1, -1, 1, 0,#....
Q93, 298.990000, -112.540000, 0.0, 0.0, 0.0, 0.0, 0.0, 0.0, 0.0, Right, UnKnown, UnKnown, 1, -1, 1, 0,#....
Q94, 298.370000, -110.340000, 0.0, 0.0, 0.0, 0.0, 0.0, 0.0, 0.0, Right, UnKnown, UnKnown, 1, -1, 1, 0,#....
Q95, 297.990000, -108.400000, 0.0, 0.0, 0.0, 0.0, 0.0, 0.0, 0.0, Right, UnKnown, UnKnown, 1, -1, 1, 0,#....
Q96, 297.680000, -106.140000, 0.0, 0.0, 0.0, 0.0, 0.0, 0.0, 0.0, Right, UnKnown, UnKnown, 1, -1, 1, 0,#....
Q97, 297.160000, -103.890000, 0.0, 0.0, 0.0, 0.0, 0.0, 0.0, 0.0, Right, UnKnown, UnKnown, 1, -1, 1, 0,#....
Q98, 296.870000, -101.970000, 0.0, 0.0, 0.0, 0.0, 0.0, 0.0, 0.0, Right, UnKnown, UnKnown, 1, -1, 1, 0,#....
Q99, 296.610000, -99.924000, 0.0, 0.0, 0.0, 0.0, 0.0, 0.0, 0.0, Right, UnKnown, UnKnown, 1, -1, 1, 0,#....
Q100, 296.260000, -98.272000, 0.0, 0.0, 0.0, 0.0, 0.0, 0.0, 0.0, Right, UnKnown, UnKnown, 1, -1, 1, 0,#....
Q101, 295.940000, -96.545000, 0.0, 0.0, 0.0, 0.0, 0.0, 0.0, 0.0, Right, UnKnown, UnKnown, 1, -1, 1, 0,#....
Q102, 295.580000, -94.884000, 0.0, 0.0, 0.0, 0.0, 0.0, 0.0, 0.0, Right, UnKnown, UnKnown, 1, -1, 1, 0,#....
Q103, 295.170000, -93.065000, 0.0, 0.0, 0.0, 0.0, 0.0, 0.0, 0.0, Right, UnKnown, UnKnown, 1, -1, 1, 0,#....
Q104, 294.920000, -91.506000, 0.0, 0.0, 0.0, 0.0, 0.0, 0.0, 0.0, Right, UnKnown, UnKnown, 1, -1, 1, 0,#....
Q105, 294.740000, -89.738000, 0.0, 0.0, 0.0, 0.0, 0.0, 0.0, 0.0, Right, UnKnown, UnKnown, 1, -1, 1, 0,#....
Q106, 294.330000, -87.595000, 0.0, 0.0, 0.0, 0.0, 0.0, 0.0, 0.0, Right, UnKnown, UnKnown, 1, -1, 1, 0,#....
Q107, 293.870000, -85.025000, 0.0, 0.0, 0.0, 0.0, 0.0, 0.0, 0.0, Right, UnKnown, UnKnown, 1, -1, 1, 0,#....
Q108, 293.580000, -81.898000, 0.0, 0.0, 0.0, 0.0, 0.0, 0.0, 0.0, Right, UnKnown, UnKnown, 1, -1, 1, 0,#....
Q109, 293.460000, -79.629000, 0.0, 0.0, 0.0, 0.0, 0.0, 0.0, 0.0, Right, UnKnown, UnKnown, 1, -1, 1, 0,#....
Q110, 293.080000, -77.477000, 0.0, 0.0, 0.0, 0.0, 0.0, 0.0, 0.0, Right, UnKnown, UnKnown, 1, -1, 1, 0,#....
Q111, 292.720000, -75.617000, 0.0, 0.0, 0.0, 0.0, 0.0, 0.0, 0.0, Right, UnKnown, UnKnown, 1, -1, 1, 0,#....
Q112, 292.400000, -73.854000, 0.0, 0.0, 0.0, 0.0, 0.0, 0.0, 0.0, Right, UnKnown, UnKnown, 1, -1, 1, 0,#....
Q113, 292.080000, -72.015000, 0.0, 0.0, 0.0, 0.0, 0.0, 0.0, 0.0, Right, UnKnown, UnKnown, 1, -1, 1, 0,#....
Q114, 291.960000, -70.428000, 0.0, 0.0, 0.0, 0.0, 0.0, 0.0, 0.0, Right, UnKnown, UnKnown, 1, -1, 1, 0,#....
Q115, 291.550000, -67.614000, 0.0, 0.0, 0.0, 0.0, 0.0, 0.0, 0.0, Right, UnKnown, UnKnown, 1, -1, 1, 0,#....
Q116, 291.120000, -65.674000, 0.0, 0.0, 0.0, 0.0, 0.0, 0.0, 0.0, Right, UnKnown, UnKnown, 1, -1, 1, 0,#....
Q117, 290.780000, -63.462000, 0.0, 0.0, 0.0, 0.0, 0.0, 0.0, 0.0, Right, UnKnown, UnKnown, 1, -1, 1, 0,#....
Q118, 290.470000, -61.275000, 0.0, 0.0, 0.0, 0.0, 0.0, 0.0, 0.0, Right, UnKnown, UnKnown, 1, -1, 1, 0,#....
Q119, 289.970000, -59.119000, 0.0, 0.0, 0.0, 0.0, 0.0, 0.0, 0.0, Right, UnKnown, UnKnown, 1, -1, 1, 0,#....
Q120, 289.790000, -58.006000, 0.0, 0.0, 0.0, 0.0, 0.0, 0.0, 0.0, Right, UnKnown, UnKnown, 1, -1, 1, 0,#....
Q121, 289.490000, -55.858000, 0.0, 0.0, 0.0, 0.0, 0.0, 0.0, 0.0, Right, UnKnown, UnKnown, 1, -1, 1, 0,#....
Q122, 289.150000, -54.159000, 0.0, 0.0, 0.0, 0.0, 0.0, 0.0, 0.0, Right, UnKnown, UnKnown, 1, -1, 1, 0,#....
Q123, 288.840000, -52.354000, 0.0, 0.0, 0.0, 0.0, 0.0, 0.0, 0.0, Right, UnKnown, UnKnown, 1, -1, 1, 0,#....
Q124, 288.560000, -50.299000, 0.0, 0.0, 0.0, 0.0, 0.0, 0.0, 0.0, Right, UnKnown, UnKnown, 1, -1, 1, 0,#....
Q125, 288.340000, -48.386000, 0.0, 0.0, 0.0, 0.0, 0.0, 0.0, 0.0, Right, UnKnown, UnKnown, 1, -1, 1, 0,#....
Q126, 287.930000, -46.151000, 0.0, 0.0, 0.0, 0.0, 0.0, 0.0, 0.0, Right, UnKnown, UnKnown, 1, -1, 1, 0,#....
Q127, 287.530000, -44.552000, 0.0, 0.0, 0.0, 0.0, 0.0, 0.0, 0.0, Right, UnKnown, UnKnown, 1, -1, 1, 0,#....
Q128, 287.390000, -43.035000, 0.0, 0.0, 0.0, 0.0, 0.0, 0.0, 0.0, Right, UnKnown, UnKnown, 1, -1, 1, 0,#....
Q129, 286.970000, -40.590000, 0.0, 0.0, 0.0, 0.0, 0.0, 0.0, 0.0, Right, UnKnown, UnKnown, 1, -1, 1, 0,#....
Q130, 286.580000, -39.161000, 0.0, 0.0, 0.0, 0.0, 0.0, 0.0, 0.0, Right, UnKnown, UnKnown, 1, -1, 1, 0,#....
Q131, 286.510000, -38.007000, 0.0, 0.0, 0.0, 0.0, 0.0, 0.0, 0.0, Right, UnKnown, UnKnown, 1, -1, 1, 0,#....
Q132, 285.920000, -35.100000, 0.0, 0.0, 0.0, 0.0, 0.0, 0.0, 0.0, Right, UnKnown, UnKnown, 1, -1, 1, 0,#....
Q133, 285.420000, -33.859000, 0.0, 0.0, 0.0, 0.0, 0.0, 0.0, 0.0, Right, UnKnown, UnKnown, 1, -1, 1, 0,#....
Q134, 285.050000, -31.829000, 0.0, 0.0, 0.0, 0.0, 0.0, 0.0, 0.0, Right, UnKnown, UnKnown, 1, -1, 1, 0,#....
Q135, 284.730000, -29.987000, 0.0, 0.0, 0.0, 0.0, 0.0, 0.0, 0.0, Right, UnKnown, UnKnown, 1, -1, 1, 0,#....
Q136, 284.190000, -27.454000, 0.0, 0.0, 0.0, 0.0, 0.0, 0.0, 0.0, Right, UnKnown, UnKnown, 1, -1, 1, 0,#....
Q137, 283.880000, -25.914000, 0.0, 0.0, 0.0, 0.0, 0.0, 0.0, 0.0, Right, UnKnown, UnKnown, 1, -1, 1, 0,#....
Q138, 283.510000, -23.677000, 0.0, 0.0, 0.0, 0.0, 0.0, 0.0, 0.0, Right, UnKnown, UnKnown, 1, -1, 1, 0,#....
Q139, 283.010000, -21.401000, 0.0, 0.0, 0.0, 0.0, 0.0, 0.0, 0.0, Right, UnKnown, UnKnown, 1, -1, 1, 0,#....
Q140, 282.690000, -19.673000, 0.0, 0.0, 0.0, 0.0, 0.0, 0.0, 0.0, Right, UnKnown, UnKnown, 1, -1, 1, 0,#....
Q141, 282.120000, -17.329000, 0.0, 0.0, 0.0, 0.0, 0.0, 0.0, 0.0, Right, UnKnown, UnKnown, 1, -1, 1, 0,#....
Q142, 281.810000, -15.590000, 0.0, 0.0, 0.0, 0.0, 0.0, 0.0, 0.0, Right, UnKnown, UnKnown, 1, -1, 1, 0,#....
Q143, 281.560000, -13.865000, 0.0, 0.0, 0.0, 0.0, 0.0, 0.0, 0.0, Right, UnKnown, UnKnown, 1, -1, 1, 0,#....
Q144, 281.230000, -12.054000, 0.0, 0.0, 0.0, 0.0, 0.0, 0.0, 0.0, Right, UnKnown, UnKnown, 1, -1, 1, 0,#....
Q145, 280.660000, -9.590000, 0.0, 0.0, 0.0, 0.0, 0.0, 0.0, 0.0, Right, UnKnown, UnKnown, 1, -1, 1, 0,#....
Q146, 280.170000, -7.759000, 0.0, 0.0, 0.0, 0.0, 0.0, 0.0, 0.0, Right, UnKnown, UnKnown, 1, -1, 1, 0,#....
Q147, 279.730000, -6.011000, 0.0, 0.0, 0.0, 0.0, 0.0, 0.0, 0.0, Right, UnKnown, UnKnown, 1, -1, 1, 0,#....
Q148, 279.280000, -4.271000, 0.0, 0.0, 0.0, 0.0, 0.0, 0.0, 0.0, Right, UnKnown, UnKnown, 1, -1, 1, 0,#....
Q149, 278.890000, -2.587000, 0.0, 0.0, 0.0, 0.0, 0.0, 0.0, 0.0, Right, UnKnown, UnKnown, 1, -1, 1, 0,#....
Q150, 278.390000, -0.143000, 0.0, 0.0, 0.0, 0.0, 0.0, 0.0, 0.0, Right, UnKnown, UnKnown, 1, -1, 1, 0,#....
Q151, 277.780000, 1.690000, 0.0, 0.0, 0.0, 0.0, 0.0, 0.0, 0.0, Right, UnKnown, UnKnown, 1, -1, 1, 0,#....
Q152, 277.330000, 3.593000, 0.0, 0.0, 0.0, 0.0, 0.0, 0.0, 0.0, Right, UnKnown, UnKnown, 1, -1, 1, 0,#....
Q153, 276.740000, 5.652000, 0.0, 0.0, 0.0, 0.0, 0.0, 0.0, 0.0, Right, UnKnown, UnKnown, 1, -1, 1, 0,#....
Q154, 276.380000, 7.732000, 0.0, 0.0, 0.0, 0.0, 0.0, 0.0, 0.0, Right, UnKnown, UnKnown, 1, -1, 1, 0,#....
Q155, 275.870000, 9.531000, 0.0, 0.0, 0.0, 0.0, 0.0, 0.0, 0.0, Right, UnKnown, UnKnown, 1, -1, 1, 0,#....
Q156, 275.340000, 11.669000, 0.0, 0.0, 0.0, 0.0, 0.0, 0.0, 0.0, Right, UnKnown, UnKnown, 1, -1, 1, 0,#....
Q157, 274.790000, 14.052000, 0.0, 0.0, 0.0, 0.0, 0.0, 0.0, 0.0, Right, UnKnown, UnKnown, 1, -1, 1, 0,#....
Q158, 273.630000, 16.931000, 0.0, 0.0, 0.0, 0.0, 0.0, 0.0, 0.0, Right, UnKnown, UnKnown, 1, -1, 1, 0,#....
Q159, 273.280000, 20.107000, 0.0, 0.0, 0.0, 0.0, 0.0, 0.0, 0.0, Right, UnKnown, UnKnown, 1, -1, 1, 0,#....
Q160, 272.970000, 21.692000, 0.0, 0.0, 0.0, 0.0, 0.0, 0.0, 0.0, Right, UnKnown, UnKnown, 1, -1, 1, 0,#....
Q161, 272.530000, 24.086000, 0.0, 0.0, 0.0, 0.0, 0.0, 0.0, 0.0, Right, UnKnown, UnKnown, 1, -1, 1, 0,#....
Q162, 272.280000, 25.420000, 0.0, 0.0, 0.0, 0.0, 0.0, 0.0, 0.0, Right, UnKnown, UnKnown, 1, -1, 1, 0,#....
Q163, 271.840000, 27.702000, 0.0, 0.0, 0.0, 0.0, 0.0, 0.0, 0.0, Right, UnKnown, UnKnown, 1, -1, 1, 0,#....
Q164, 271.470000, 29.469000, 0.0, 0.0, 0.0, 0.0, 0.0, 0.0, 0.0, Right, UnKnown, UnKnown, 1, -1, 1, 0,#....
Q165, 271.170000, 31.765000, 0.0, 0.0, 0.0, 0.0, 0.0, 0.0, 0.0, Right, UnKnown, UnKnown, 1, -1, 1, 0,#....
Q166, 271.040000, 32.458000, 0.0, 0.0, 0.0, 0.0, 0.0, 0.0, 0.0, Right, UnKnown, UnKnown, 1, -1, 1, 0,#....
Q167, 271.070000, 34.466000, 0.0, 0.0, 0.0, 0.0, 0.0, 0.0, 0.0, Right, UnKnown, UnKnown, 1, -1, 1, 0,#....
Q168, 270.990000, 35.930000, 0.0, 0.0, 0.0, 0.0, 0.0, 0.0, 0.0, Right, UnKnown, UnKnown, 1, -1, 1, 0,#....
Q169, 271.010000, 37.453000, 0.0, 0.0, 0.0, 0.0, 0.0, 0.0, 0.0, Right, UnKnown, UnKnown, 1, -1, 1, 0,#....
Q170, 271.090000, 39.202000, 0.0, 0.0, 0.0, 0.0, 0.0, 0.0, 0.0, Right, UnKnown, UnKnown, 1, -1, 1, 0,#....
Q171, 271.010000, 40.846000, 0.0, 0.0, 0.0, 0.0, 0.0, 0.0, 0.0, Right, UnKnown, UnKnown, 1, -1, 1, 0,#....
Q172, 270.960000, 41.995000, 0.0, 0.0, 0.0, 0.0, 0.0, 0.0, 0.0, Right, UnKnown, UnKnown, 1, -1, 1, 0,#....
Q173, 271.010000, 43.294000, 0.0, 0.0, 0.0, 0.0, 0.0, 0.0, 0.0, Right, UnKnown, UnKnown, 1, -1, 1, 0,#....
Q174, 271.230000, 45.679000, 0.0, 0.0, 0.0, 0.0, 0.0, 0.0, 0.0, Right, UnKnown, UnKnown, 1, -1, 1, 0,#....
Q175, 271.300000, 46.927000, 0.0, 0.0, 0.0, 0.0, 0.0, 0.0, 0.0, Right, UnKnown, UnKnown, 1, -1, 1, 0,#....
Q176, 271.480000, 48.742000, 0.0, 0.0, 0.0, 0.0, 0.0, 0.0, 0.0, Right, UnKnown, UnKnown, 1, -1, 1, 0,#....
Q177, 271.710000, 51.024000, 0.0, 0.0, 0.0, 0.0, 0.0, 0.0, 0.0, Right, UnKnown, UnKnown, 1, -1, 1, 0,#....
Q178, 271.810000, 52.863000, 0.0, 0.0, 0.0, 0.0, 0.0, 0.0, 0.0, Right, UnKnown, UnKnown, 1, -1, 1, 0,#....
Q179, 272.010000, 54.775000, 0.0, 0.0, 0.0, 0.0, 0.0, 0.0, 0.0, Right, UnKnown, UnKnown, 1, -1, 1, 0,#....
Q180, 272.440000, 56.763000, 0.0, 0.0, 0.0, 0.0, 0.0, 0.0, 0.0, Right, UnKnown, UnKnown, 1, -1, 1, 0,#....
Q181, 272.850000, 58.899000, 0.0, 0.0, 0.0, 0.0, 0.0, 0.0, 0.0, Right, UnKnown, UnKnown, 1, -1, 1, 0,#....
Q182, 273.190000, 60.909000, 0.0, 0.0, 0.0, 0.0, 0.0, 0.0, 0.0, Right, UnKnown, UnKnown, 1, -1, 1, 0,#....
Q183, 273.540000, 63.387000, 0.0, 0.0, 0.0, 0.0, 0.0, 0.0, 0.0, Right, UnKnown, UnKnown, 1, -1, 1, 0,#....
Q184, 274.830000, 66.803000, 0.0, 0.0, 0.0, 0.0, 0.0, 0.0, 0.0, Right, UnKnown, UnKnown, 1, -1, 1, 0,#....
Q185, 275.520000, 69.289000, 0.0, 0.0, 0.0, 0.0, 0.0, 0.0, 0.0, Right, UnKnown, UnKnown, 1, -1, 1, 0,#....
Q186, 276.120000, 71.331000, 0.0, 0.0, 0.0, 0.0, 0.0, 0.0, 0.0, Right, UnKnown, UnKnown, 1, -1, 1, 0,#....
Q187, 276.550000, 72.897000, 0.0, 0.0, 0.0, 0.0, 0.0, 0.0, 0.0, Right, UnKnown, UnKnown, 1, -1, 1, 0,#....
Q188, 277.440000, 75.177000, 0.0, 0.0, 0.0, 0.0, 0.0, 0.0, 0.0, Right, UnKnown, UnKnown, 1, -1, 1, 0,#....
Q189, 277.900000, 77.044000, 0.0, 0.0, 0.0, 0.0, 0.0, 0.0, 0.0, Right, UnKnown, UnKnown, 1, -1, 1, 0,#....
Q190, 278.380000, 78.601000, 0.0, 0.0, 0.0, 0.0, 0.0, 0.0, 0.0, Right, UnKnown, UnKnown, 1, -1, 1, 0,#....
Q191, 279.110000, 80.664000, 0.0, 0.0, 0.0, 0.0, 0.0, 0.0, 0.0, Right, UnKnown, UnKnown, 1, -1, 1, 0,#....
Q192, 279.790000, 82.413000, 0.0, 0.0, 0.0, 0.0, 0.0, 0.0, 0.0, Right, UnKnown, UnKnown, 1, -1, 1, 0,#....
Q193, 280.620000, 84.944000, 0.0, 0.0, 0.0, 0.0, 0.0, 0.0, 0.0, Right, UnKnown, UnKnown, 1, -1, 1, 0,#....
Q194, 281.290000, 86.561000, 0.0, 0.0, 0.0, 0.0, 0.0, 0.0, 0.0, Right, UnKnown, UnKnown, 1, -1, 1, 0,#....
Q195, 281.850000, 88.342000, 0.0, 0.0, 0.0, 0.0, 0.0, 0.0, 0.0, Right, UnKnown, UnKnown, 1, -1, 1, 0,#....
Q196, 282.880000, 90.622000, 0.0, 0.0, 0.0, 0.0, 0.0, 0.0, 0.0, Right, UnKnown, UnKnown, 1, -1, 1, 0,#....
Q197, 283.610000, 92.702000, 0.0, 0.0, 0.0, 0.0, 0.0, 0.0, 0.0, Right, UnKnown, UnKnown, 1, -1, 1, 0,#....
Q198, 284.330000, 94.300000, 0.0, 0.0, 0.0, 0.0, 0.0, 0.0, 0.0, Right, UnKnown, UnKnown, 1, -1, 1, 0,#....
Q199, 285.230000, 96.336000, 0.0, 0.0, 0.0, 0.0, 0.0, 0.0, 0.0, Right, UnKnown, UnKnown, 1, -1, 1, 0,#....
Q200, 286.330000, 98.601000, 0.0, 0.0, 0.0, 0.0, 0.0, 0.0, 0.0, Right, UnKnown, UnKnown, 1, -1, 1, 0,#....
Q201, 287.270000, 100.670000, 0.0, 0.0, 0.0, 0.0, 0.0, 0.0, 0.0, Right, UnKnown, UnKnown, 1, -1, 1, 0,#....
Q202, 288.270000, 102.660000, 0.0, 0.0, 0.0, 0.0, 0.0, 0.0, 0.0, Right, UnKnown, UnKnown, 1, -1, 1, 0,#....
Q203, 289.480000, 104.960000, 0.0, 0.0, 0.0, 0.0, 0.0, 0.0, 0.0, Right, UnKnown, UnKnown, 1, -1, 1, 0,#....
Q204, 290.640000, 107.310000, 0.0, 0.0, 0.0, 0.0, 0.0, 0.0, 0.0, Right, UnKnown, UnKnown, 1, -1, 1, 0,#....
Q205, 291.640000, 108.810000, 0.0, 0.0, 0.0, 0.0, 0.0, 0.0, 0.0, Right, UnKnown, UnKnown, 1, -1, 1, 0,#....
Q206, 292.740000, 110.500000, 0.0, 0.0, 0.0, 0.0, 0.0, 0.0, 0.0, Right, UnKnown, UnKnown, 1, -1, 1, 0,#....
Q207, 294.000000, 112.210000, 0.0, 0.0, 0.0, 0.0, 0.0, 0.0, 0.0, Right, UnKnown, UnKnown, 1, -1, 1, 0,#....
Q208, 294.960000, 113.530000, 0.0, 0.0, 0.0, 0.0, 0.0, 0.0, 0.0, Right, UnKnown, UnKnown, 1, -1, 1, 0,#....
Q209, 296.410000, 115.330000, 0.0, 0.0, 0.0, 0.0, 0.0, 0.0, 0.0, Right, UnKnown, UnKnown, 1, -1, 1, 0,#....
Q210, 297.490000, 116.520000, 0.0, 0.0, 0.0, 0.0, 0.0, 0.0, 0.0, Right, UnKnown, UnKnown, 1, -1, 1, 0,#....
Q211, 298.940000, 118.040000, 0.0, 0.0, 0.0, 0.0, 0.0, 0.0, 0.0, Right, UnKnown, UnKnown, 1, -1, 1, 0,#....
Q212, 300.000000, 118.980000, 0.0, 0.0, 0.0, 0.0, 0.0, 0.0, 0.0, Right, UnKnown, UnKnown, 1, -1, 1, 0,#....
Q213, 301.490000, 120.240000, 0.0, 0.0, 0.0, 0.0, 0.0, 0.0, 0.0, Right, UnKnown, UnKnown, 1, -1, 1, 0,#....
Q214, 302.820000, 121.320000, 0.0, 0.0, 0.0, 0.0, 0.0, 0.0, 0.0, Right, UnKnown, UnKnown, 1, -1, 1, 0,#....
Q215, 304.490000, 122.510000, 0.0, 0.0, 0.0, 0.0, 0.0, 0.0, 0.0, Right, UnKnown, UnKnown, 1, -1, 1, 0,#....
Q216, 306.500000, 123.700000, 0.0, 0.0, 0.0, 0.0, 0.0, 0.0, 0.0, Right, UnKnown, UnKnown, 1, -1, 1, 0,#....
Q217, 307.840000, 124.440000, 0.0, 0.0, 0.0, 0.0, 0.0, 0.0, 0.0, Right, UnKnown, UnKnown, 1, -1, 1, 0,#....
Q218, 309.810000, 124.990000, 0.0, 0.0, 0.0, 0.0, 0.0, 0.0, 0.0, Right, UnKnown, UnKnown, 1, -1, 1, 0,#....
Q219, 312.320000, 125.910000, 0.0, 0.0, 0.0, 0.0, 0.0, 0.0, 0.0, Right, UnKnown, UnKnown, 1, -1, 1, 0,#....
Q220, 315.770000, 125.420000, 0.0, 0.0, 0.0, 0.0, 0.0, 0.0, 0.0, Right, UnKnown, UnKnown, 1, -1, 1, 0,#....
Q221, 317.790000, 125.370000, 0.0, 0.0, 0.0, 0.0, 0.0, 0.0, 0.0, Right, UnKnown, UnKnown, 1, -1, 1, 0,#....
Q222, 319.220000, 125.070000, 0.0, 0.0, 0.0, 0.0, 0.0, 0.0, 0.0, Right, UnKnown, UnKnown, 1, -1, 1, 0,#....
Q223, 320.790000, 124.440000, 0.0, 0.0, 0.0, 0.0, 0.0, 0.0, 0.0, Right, UnKnown, UnKnown, 1, -1, 1, 0,#....
Q224, 322.680000, 123.510000, 0.0, 0.0, 0.0, 0.0, 0.0, 0.0, 0.0, Right, UnKnown, UnKnown, 1, -1, 1, 0,#....
Q225, 324.310000, 122.480000, 0.0, 0.0, 0.0, 0.0, 0.0, 0.0, 0.0, Right, UnKnown, UnKnown, 1, -1, 1, 0,#....
Q226, 325.550000, 121.590000, 0.0, 0.0, 0.0, 0.0, 0.0, 0.0, 0.0, Right, UnKnown, UnKnown, 1, -1, 1, 0,#....
Q227, 326.650000, 120.400000, 0.0, 0.0, 0.0, 0.0, 0.0, 0.0, 0.0, Right, UnKnown, UnKnown, 1, -1, 1, 0,#....
Q228, 327.860000, 119.020000, 0.0, 0.0, 0.0, 0.0, 0.0, 0.0, 0.0, Right, UnKnown, UnKnown, 1, -1, 1, 0,#....
Q229, 328.890000, 117.710000, 0.0, 0.0, 0.0, 0.0, 0.0, 0.0, 0.0, Right, UnKnown, UnKnown, 1, -1, 1, 0,#....
Q230, 330.020000, 116.290000, 0.0, 0.0, 0.0, 0.0, 0.0, 0.0, 0.0, Right, UnKnown, UnKnown, 1, -1, 1, 0,#....
Q231, 330.930000, 114.760000, 0.0, 0.0, 0.0, 0.0, 0.0, 0.0, 0.0, Right, UnKnown, UnKnown, 1, -1, 1, 0,#....
Q232, 332.000000, 112.930000, 0.0, 0.0, 0.0, 0.0, 0.0, 0.0, 0.0, Right, UnKnown, UnKnown, 1, -1, 1, 0,#....
Q233, 332.800000, 111.050000, 0.0, 0.0, 0.0, 0.0, 0.0, 0.0, 0.0, Right, UnKnown, UnKnown, 1, -1, 1, 0,#....
Q234, 333.500000, 109.070000, 0.0, 0.0, 0.0, 0.0, 0.0, 0.0, 0.0, Right, UnKnown, UnKnown, 1, -1, 1, 0,#....
Q235, 334.130000, 107.370000, 0.0, 0.0, 0.0, 0.0, 0.0, 0.0, 0.0, Right, UnKnown, UnKnown, 1, -1, 1, 0,#....
Q236, 334.700000, 105.640000, 0.0, 0.0, 0.0, 0.0, 0.0, 0.0, 0.0, Right, UnKnown, UnKnown, 1, -1, 1, 0,#....
Q237, 335.050000, 104.310000, 0.0, 0.0, 0.0, 0.0, 0.0, 0.0, 0.0, Right, UnKnown, UnKnown, 1, -1, 1, 0,#....
Q238, 335.430000, 102.750000, 0.0, 0.0, 0.0, 0.0, 0.0, 0.0, 0.0, Right, UnKnown, UnKnown, 1, -1, 1, 0,#....
Q239, 336.070000, 100.420000, 0.0, 0.0, 0.0, 0.0, 0.0, 0.0, 0.0, Right, UnKnown, UnKnown, 1, -1, 1, 0,#....
Q240, 336.530000, 98.584000, 0.0, 0.0, 0.0, 0.0, 0.0, 0.0, 0.0, Right, UnKnown, UnKnown, 1, -1, 1, 0,#....
Q241, 336.990000, 96.868000, 0.0, 0.0, 0.0, 0.0, 0.0, 0.0, 0.0, Right, UnKnown, UnKnown, 1, -1, 1, 0,#....
Q242, 337.230000, 95.688000, 0.0, 0.0, 0.0, 0.0, 0.0, 0.0, 0.0, Right, UnKnown, UnKnown, 1, -1, 1, 0,#....
Q243, 337.510000, 94.171000, 0.0, 0.0, 0.0, 0.0, 0.0, 0.0, 0.0, Right, UnKnown, UnKnown, 1, -1, 1, 0,#....
Q244, 338.080000, 91.767000, 0.0, 0.0, 0.0, 0.0, 0.0, 0.0, 0.0, Right, UnKnown, UnKnown, 1, -1, 1, 0,#....
Q245, 338.710000, 89.590000, 0.0, 0.0, 0.0, 0.0, 0.0, 0.0, 0.0, Right, UnKnown, UnKnown, 1, -1, 1, 0,#....
Q246, 339.080000, 87.658000, 0.0, 0.0, 0.0, 0.0, 0.0, 0.0, 0.0, Right, UnKnown, UnKnown, 1, -1, 1, 0,#....
Q247, 339.430000, 85.596000, 0.0, 0.0, 0.0, 0.0, 0.0, 0.0, 0.0, Right, UnKnown, UnKnown, 1, -1, 1, 0,#....
Q248, 339.760000, 83.783000, 0.0, 0.0, 0.0, 0.0, 0.0, 0.0, 0.0, Right, UnKnown, UnKnown, 1, -1, 1, 0,#....
Q249, 340.260000, 81.569000, 0.0, 0.0, 0.0, 0.0, 0.0, 0.0, 0.0, Right, UnKnown, UnKnown, 1, -1, 1, 0,#....
Q250, 340.540000, 79.492000, 0.0, 0.0, 0.0, 0.0, 0.0, 0.0, 0.0, Right, UnKnown, UnKnown, 1, -1, 1, 0,#....
Q251, 340.880000, 77.397000, 0.0, 0.0, 0.0, 0.0, 0.0, 0.0, 0.0, Right, UnKnown, UnKnown, 1, -1, 1, 0,#....
Q252, 341.140000, 76.020000, 0.0, 0.0, 0.0, 0.0, 0.0, 0.0, 0.0, Right, UnKnown, UnKnown, 1, -1, 1, 0,#....
Q253, 341.440000, 74.199000, 0.0, 0.0, 0.0, 0.0, 0.0, 0.0, 0.0, Right, UnKnown, UnKnown, 1, -1, 1, 0,#....
Q254, 341.680000, 72.569000, 0.0, 0.0, 0.0, 0.0, 0.0, 0.0, 0.0, Right, UnKnown, UnKnown, 1, -1, 1, 0,#....
Q255, 342.970000, 69.140000, 0.0, 0.0, 0.0, 0.0, 0.0, 0.0, 0.0, Right, UnKnown, UnKnown, 1, -1, 1, 0,#....
Q256, 342.310000, 65.624000, 0.0, 0.0, 0.0, 0.0, 0.0, 0.0, 0.0, Right, UnKnown, UnKnown, 1, -1, 1, 0,#....
Q257, 342.890000, 63.417000, 0.0, 0.0, 0.0, 0.0, 0.0, 0.0, 0.0, Right, UnKnown, UnKnown, 1, -1, 1, 0,#....
Q258, 343.060000, 62.075000, 0.0, 0.0, 0.0, 0.0, 0.0, 0.0, 0.0, Right, UnKnown, UnKnown, 1, -1, 1, 0,#....
Q259, 343.110000, 60.380000, 0.0, 0.0, 0.0, 0.0, 0.0, 0.0, 0.0, Right, UnKnown, UnKnown, 1, -1, 1, 0,#....
Q260, 343.220000, 58.428000, 0.0, 0.0, 0.0, 0.0, 0.0, 0.0, 0.0, Right, UnKnown, UnKnown, 1, -1, 1, 0,#....
Q261, 343.090000, 56.972000, 0.0, 0.0, 0.0, 0.0, 0.0, 0.0, 0.0, Right, UnKnown, UnKnown, 1, -1, 1, 0,#....
Q262, 343.030000, 54.734000, 0.0, 0.0, 0.0, 0.0, 0.0, 0.0, 0.0, Right, UnKnown, UnKnown, 1, -1, 1, 0,#....
Q263, 343.080000, 53.397000, 0.0, 0.0, 0.0, 0.0, 0.0, 0.0, 0.0, Right, UnKnown, UnKnown, 1, -1, 1, 0,#....
Q264, 342.940000, 51.703000, 0.0, 0.0, 0.0, 0.0, 0.0, 0.0, 0.0, Right, UnKnown, UnKnown, 1, -1, 1, 0,#....
Q265, 342.830000, 49.813000, 0.0, 0.0, 0.0, 0.0, 0.0, 0.0, 0.0, Right, UnKnown, UnKnown, 1, -1, 1, 0,#....
Q266, 342.600000, 47.887000, 0.0, 0.0, 0.0, 0.0, 0.0, 0.0, 0.0, Right, UnKnown, UnKnown, 1, -1, 1, 0,#....
Q267, 342.350000, 46.102000, 0.0, 0.0, 0.0, 0.0, 0.0, 0.0, 0.0, Right, UnKnown, UnKnown, 1, -1, 1, 0,#....
Q268, 341.970000, 43.880000, 0.0, 0.0, 0.0, 0.0, 0.0, 0.0, 0.0, Right, UnKnown, UnKnown, 1, -1, 1, 0,#....
Q269, 341.900000, 43.002000, 0.0, 0.0, 0.0, 0.0, 0.0, 0.0, 0.0, Right, UnKnown, UnKnown, 1, -1, 1, 0,#....
Q270, 341.180000, 40.800000, 0.0, 0.0, 0.0, 0.0, 0.0, 0.0, 0.0, Right, UnKnown, UnKnown, 1, -1, 1, 0,#....
Q271, 340.710000, 39.057000, 0.0, 0.0, 0.0, 0.0, 0.0, 0.0, 0.0, Right, UnKnown, UnKnown, 1, -1, 1, 0,#....
Q272, 340.050000, 37.208000, 0.0, 0.0, 0.0, 0.0, 0.0, 0.0, 0.0, Right, UnKnown, UnKnown, 1, -1, 1, 0,#....
Q273, 339.510000, 35.206000, 0.0, 0.0, 0.0, 0.0, 0.0, 0.0, 0.0, Right, UnKnown, UnKnown, 1, -1, 1, 0,#....
Q274, 338.500000, 32.867000, 0.0, 0.0, 0.0, 0.0, 0.0, 0.0, 0.0, Right, UnKnown, UnKnown, 1, -1, 1, 0,#....
Q275, 337.650000, 30.471000, 0.0, 0.0, 0.0, 0.0, 0.0, 0.0, 0.0, Right, UnKnown, UnKnown, 1, -1, 1, 0,#....
Q276, 337.040000, 28.834000, 0.0, 0.0, 0.0, 0.0, 0.0, 0.0, 0.0, Right, UnKnown, UnKnown, 1, -1, 1, 0,#....
Q277, 336.010000, 26.691000, 0.0, 0.0, 0.0, 0.0, 0.0, 0.0, 0.0, Right, UnKnown, UnKnown, 1, -1, 1, 0,#....
Q278, 335.470000, 22.929000, 0.0, 0.0, 0.0, 0.0, 0.0, 0.0, 0.0, Right, UnKnown, UnKnown, 1, -1, 1, 0,#....
Q279, 333.550000, 20.277000, 0.0, 0.0, 0.0, 0.0, 0.0, 0.0, 0.0, Right, UnKnown, UnKnown, 1, -1, 1, 0,#....
Q280, 332.640000, 18.118000, 0.0, 0.0, 0.0, 0.0, 0.0, 0.0, 0.0, Right, UnKnown, UnKnown, 1, -1, 1, 0,#....
Q281, 332.080000, 16.351000, 0.0, 0.0, 0.0, 0.0, 0.0, 0.0, 0.0, Right, UnKnown, UnKnown, 1, -1, 1, 0,#....
Q282, 331.440000, 14.388000, 0.0, 0.0, 0.0, 0.0, 0.0, 0.0, 0.0, Right, UnKnown, UnKnown, 1, -1, 1, 0,#....
Q283, 330.920000, 12.789000, 0.0, 0.0, 0.0, 0.0, 0.0, 0.0, 0.0, Right, UnKnown, UnKnown, 1, -1, 1, 0,#....
Q284, 330.230000, 10.515000, 0.0, 0.0, 0.0, 0.0, 0.0, 0.0, 0.0, Right, UnKnown, UnKnown, 1, -1, 1, 0,#....
Q285, 329.650000, 8.261000, 0.0, 0.0, 0.0, 0.0, 0.0, 0.0, 0.0, Right, UnKnown, UnKnown, 1, -1, 1, 0,#....
Q286, 329.180000, 6.118000, 0.0, 0.0, 0.0, 0.0, 0.0, 0.0, 0.0, Right, UnKnown, UnKnown, 1, -1, 1, 0,#....
Q287, 328.610000, 3.588000, 0.0, 0.0, 0.0, 0.0, 0.0, 0.0, 0.0, Right, UnKnown, UnKnown, 1, -1, 1, 0,#....
Q288, 328.290000, 1.544000, 0.0, 0.0, 0.0, 0.0, 0.0, 0.0, 0.0, Right, UnKnown, UnKnown, 1, -1, 1, 0,#....
Q289, 328.030000, -0.933000, 0.0, 0.0, 0.0, 0.0, 0.0, 0.0, 0.0, Right, UnKnown, UnKnown, 1, -1, 1, 0,#....
Q290, 327.880000, -2.338000, 0.0, 0.0, 0.0, 0.0, 0.0, 0.0, 0.0, Right, UnKnown, UnKnown, 1, -1, 1, 0,#....
Q291, 327.610000, -5.068000, 0.0, 0.0, 0.0, 0.0, 0.0, 0.0, 0.0, Right, UnKnown, UnKnown, 1, -1, 1, 0,#....
